10959 4
1 0
4 0
7 0
11 0
13 0
19 0
18 0
20 0
23 0
27 0
35 0
39 0
40 0
46 0
44 0
45 0
48 0
55 0
52 0
62 0
68 0
67 0
77 0
72 0
73 0
74 0
85 0
80 0
83 0
92 0
95 0
94 0
103 0
98 0
99 0
97 0
111 0
106 0
107 0
119 0
117 0
116 0
115 0
112 0
126 0
122 0
121 0
143 0
129 0
130 0
133 0
132 0
135 0
159 0
145 0
150 0
174 0
163 0
166 0
165 0
186 0
187 0
179 0
182 0
183 0
181 0
207 0
200 0
199 0
193 0
192 0
223 0
219 0
215 0
208 0
211 0
238 0
235 0
234 0
230 0
229 0
228 0
249 0
246 0
245 0
243 0
241 0
274 0
272 0
281 0
287 0
285 0
257 0
262 0
260 0
261 0
266 0
264 0
270 0
268 0
269 0
307 0
306 0
309 0
290 0
298 0
343 0
342 0
341 0
337 0
348 0
347 0
345 0
344 0
325 0
323 0
321 0
330 0
331 0
368 0
370 0
382 0
377 0
378 0
356 0
357 0
359 0
352 0
353 0
364 0
361 0
408 0
412 0
407 0
394 0
396 0
384 0
440 0
441 0
442 0
443 0
445 0
433 0
424 0
429 0
428 0
417 0
419 0
421 0
423 0
479 0
476 0
474 0
472 0
473 0
466 0
467 0
464 0
465 0
463 0
458 0
457 0
454 0
450 0
511 0
505 0
506 0
500 0
502 0
497 0
493 0
495 0
494 0
489 0
488 0
480 0
483 0
544 0
557 0
554 0
552 0
553 0
565 0
560 0
575 0
574 0
571 0
569 0
568 0
516 0
517 0
519 0
515 0
525 0
520 0
523 0
533 0
532 0
535 0
529 0
541 0
543 0
536 0
615 0
612 0
618 0
619 0
623 0
620 0
621 0
627 0
624 0
634 0
632 0
639 0
638 0
577 0
579 0
580 0
581 0
582 0
583 0
584 0
587 0
589 0
597 0
601 0
603 0
604 0
607 0
606 0
687 0
686 0
683 0
681 0
679 0
675 0
674 0
702 0
699 0
695 0
693 0
690 0
691 0
689 0
653 0
648 0
650 0
644 0
647 0
643 0
668 0
669 0
665 0
663 0
656 0
659 0
744 0
751 0
736 0
742 0
741 0
740 0
763 0
760 0
755 0
752 0
759 0
756 0
712 0
717 0
718 0
705 0
704 0
706 0
728 0
729 0
730 0
731 0
732 0
720 0
723 0
725 0
821 0
829 0
828 0
804 0
800 0
812 0
810 0
811 0
791 0
790 0
788 0
787 0
785 0
794 0
793 0
773 0
771 0
768 0
783 0
778 0
779 0
880 0
883 0
887 0
889 0
891 0
890 0
864 0
865 0
868 0
869 0
871 0
872 0
873 0
874 0
875 0
879 0
850 0
849 0
853 0
863 0
834 0
839 0
842 0
843 0
846 0
957 0
958 0
959 0
941 0
940 0
937 0
936 0
933 0
934 0
929 0
926 0
925 0
921 0
916 0
917 0
912 0
911 0
910 0
908 0
907 0
906 0
901 0
896 0
1018 0
1019 0
1020 0
1021 0
1011 0
1014 0
1015 0
1001 0
1004 0
1006 0
997 0
987 0
990 0
991 0
979 0
976 0
981 0
971 0
969 0
963 0
961 0
967 0
965 0
964 0
1102 0
1099 0
1093 0
1094 0
1095 0
1091 0
1117 0
1119 0
1109 0
1108 0
1111 0
1132 0
1133 0
1130 0
1128 0
1124 0
1123 0
1151 0
1149 0
1146 0
1144 0
1140 0
1032 0
1033 0
1037 0
1039 0
1024 0
1026 0
1031 0
1051 0
1055 0
1041 0
1043 0
1042 0
1044 0
1047 0
1065 0
1068 0
1057 0
1062 0
1063 0
1060 0
1082 0
1086 0
1085 0
1075 0
1079 0
1076 0
1220 0
1222 0
1229 0
1228 0
1231 0
1236 0
1237 0
1238 0
1239 0
1245 0
1240 0
1243 0
1251 0
1261 0
1256 0
1271 0
1268 0
1264 0
1279 0
1277 0
1155 0
1154 0
1158 0
1161 0
1166 0
1168 0
1171 0
1185 0
1188 0
1198 0
1196 0
1207 0
1204 0
1215 0
1374 0
1372 0
1371 0
1364 0
1363 0
1361 0
1357 0
1355 0
1352 0
1353 0
1350 0
1348 0
1346 0
1344 0
1404 0
1407 0
1406 0
1401 0
1395 0
1394 0
1388 0
1391 0
1385 0
1386 0
1381 0
1382 0
1377 0
1305 0
1309 0
1299 0
1297 0
1300 0
1288 0
1292 0
1293 0
1282 0
1286 0
1287 0
1337 0
1336 0
1338 0
1329 0
1330 0
1332 0
1321 0
1323 0
1313 0
1315 0
1493 0
1490 0
1491 0
1503 0
1498 0
1499 0
1478 0
1487 0
1486 0
1483 0
1482 0
1481 0
1524 0
1525 0
1527 0
1532 0
1533 0
1528 0
1531 0
1508 0
1505 0
1504 0
1506 0
1516 0
1519 0
1518 0
1512 0
1515 0
1427 0
1424 0
1425 0
1434 0
1435 0
1433 0
1436 0
1410 0
1409 0
1408 0
1419 0
1417 0
1459 0
1460 0
1470 0
1440 0
1442 0
1447 0
1446 0
1449 0
1448 0
1453 0
1643 0
1640 0
1641 0
1646 0
1647 0
1645 0
1634 0
1638 0
1639 0
1637 0
1658 0
1663 0
1662 0
1660 0
1650 0
1655 0
1652 0
1608 0
1610 0
1613 0
1600 0
1605 0
1607 0
1625 0
1627 0
1629 0
1619 0
1582 0
1583 0
1580 0
1579 0
1576 0
1577 0
1575 0
1571 0
1569 0
1599 0
1597 0
1592 0
1591 0
1544 0
1546 0
1547 0
1542 0
1536 0
1538 0
1539 0
1567 0
1561 0
1562 0
1558 0
1552 0
1767 0
1771 0
1770 0
1772 0
1779 0
1777 0
1783 0
1781 0
1786 0
1787 0
1784 0
1785 0
1790 0
1732 0
1741 0
1743 0
1744 0
1747 0
1748 0
1749 0
1750 0
1751 0
1756 0
1758 0
1702 0
1710 0
1704 0
1718 0
1719 0
1712 0
1713 0
1726 0
1725 0
1723 0
1670 0
1666 0
1679 0
1675 0
1674 0
1686 0
1687 0
1681 0
1693 0
1695 0
1689 0
1691 0
1912 0
1917 0
1908 0
1911 0
1910 0
1896 0
1901 0
1902 0
1903 0
1888 0
1891 0
1894 0
1883 0
1882 0
1881 0
1880 0
1884 0
1874 0
1872 0
1878 0
1877 0
1864 0
1865 0
1870 0
1871 0
1859 0
1856 0
1861 0
1853 0
1848 0
1851 0
1846 0
1841 0
1840 0
1843 0
1842 0
1836 0
1837 0
1838 0
1839 0
1832 0
1833 0
1830 0
1824 0
1825 0
1827 0
1822 0
1821 0
1818 0
1817 0
1815 0
1814 0
1813 0
1812 0
1802 0
1803 0
1800 0
1797 0
1794 0
1792 0
1793 0
2033 0
2037 0
2040 0
2044 0
2045 0
2017 0
2016 0
2018 0
2021 0
2022 0
2025 0
2027 0
2026 0
2001 0
2007 0
2004 0
2010 0
2015 0
2012 0
1984 0
1991 0
1990 0
1994 0
1999 0
1998 0
1996 0
1973 0
1970 0
1971 0
1980 0
1981 0
1957 0
1959 0
1953 0
1954 0
1964 0
1961 0
1963 0
1942 0
1941 0
1938 0
1939 0
1936 0
1951 0
1926 0
1925 0
1923 0
1922 0
1920 0
1930 0
1929 0
2201 0
2206 0
2192 0
2196 0
2199 0
2189 0
2191 0
2190 0
2177 0
2181 0
2235 0
2227 0
2230 0
2218 0
2217 0
2211 0
2215 0
2214 0
2268 0
2260 0
2263 0
2259 0
2252 0
2251 0
2244 0
2246 0
2241 0
2243 0
2242 0
2301 0
2291 0
2289 0
2284 0
2282 0
2281 0
2278 0
2277 0
2276 0
2065 0
2064 0
2067 0
2066 0
2073 0
2075 0
2074 0
2077 0
2048 0
2051 0
2053 0
2055 0
2056 0
2058 0
2062 0
2063 0
2098 0
2103 0
2101 0
2107 0
2105 0
2080 0
2081 0
2086 0
2085 0
2088 0
2092 0
2132 0
2129 0
2128 0
2131 0
2142 0
2138 0
2116 0
2117 0
2118 0
2113 0
2126 0
2127 0
2122 0
2167 0
2166 0
2165 0
2161 0
2160 0
2171 0
2147 0
2144 0
2158 0
2159 0
2157 0
2443 0
2441 0
2447 0
2444 0
2435 0
2439 0
2438 0
2437 0
2436 0
2457 0
2452 0
2453 0
2475 0
2474 0
2477 0
2464 0
2467 0
2469 0
2490 0
2494 0
2482 0
2485 0
2511 0
2509 0
2507 0
2505 0
2504 0
2503 0
2500 0
2527 0
2524 0
2517 0
2514 0
2515 0
2512 0
2541 0
2536 0
2532 0
2535 0
2530 0
2554 0
2555 0
2550 0
2547 0
2306 0
2304 0
2305 0
2310 0
2311 0
2318 0
2319 0
2334 0
2333 0
2332 0
2338 0
2341 0
2343 0
2350 0
2356 0
2361 0
2360 0
2363 0
2374 0
2375 0
2373 0
2369 0
2381 0
2391 0
2399 0
2396 0
2394 0
2406 0
2407 0
2412 0
2410 0
2411 0
2421 0
2420 0
2422 0
2417 0
2419 0
2418 0
2426 0
2751 0
2748 0
2747 0
2744 0
2745 0
2742 0
2743 0
2741 0
2736 0
2735 0
2730 0
2729 0
2728 0
2725 0
2723 0
2720 0
2716 0
2718 0
2713 0
2715 0
2705 0
2696 0
2699 0
2698 0
2692 0
2694 0
2689 0
2688 0
2691 0
2814 0
2815 0
2813 0
2802 0
2803 0
2805 0
2793 0
2799 0
2797 0
2796 0
2787 0
2785 0
2790 0
2789 0
2781 0
2771 0
2773 0
2761 0
2764 0
2753 0
2755 0
2754 0
2757 0
2612 0
2611 0
2608 0
2623 0
2621 0
2617 0
2616 0
2599 0
2596 0
2595 0
2592 0
2607 0
2602 0
2601 0
2581 0
2580 0
2582 0
2590 0
2585 0
2584 0
2567 0
2561 0
2562 0
2572 0
2573 0
2570 0
2675 0
2674 0
2672 0
2679 0
2678 0
2677 0
2676 0
2683 0
2682 0
2680 0
2685 0
2656 0
2661 0
2664 0
2671 0
2640 0
2647 0
2646 0
2649 0
2651 0
2650 0
2625 0
2627 0
2628 0
2636 0
2638 0
2989 0
2985 0
2986 0
2981 0
2977 0
3004 0
3006 0
3007 0
3002 0
2996 0
2999 0
2959 0
2955 0
2954 0
2953 0
2952 0
2975 0
2973 0
2971 0
2968 0
2969 0
2964 0
2965 0
2960 0
2961 0
3051 0
3052 0
3041 0
3040 0
3043 0
3042 0
3045 0
3044 0
3064 0
3065 0
3068 0
3069 0
3071 0
3056 0
3058 0
3061 0
3019 0
3018 0
3016 0
3023 0
3022 0
3010 0
3014 0
3013 0
3012 0
3034 0
3035 0
3033 0
3036 0
3037 0
3026 0
3025 0
2852 0
2854 0
2855 0
2848 0
2849 0
2850 0
2862 0
2857 0
2869 0
2871 0
2864 0
2876 0
2879 0
2878 0
2819 0
2824 0
2839 0
2838 0
2835 0
2834 0
2847 0
2846 0
2845 0
2844 0
2843 0
2919 0
2920 0
2921 0
2923 0
2924 0
2929 0
2928 0
2931 0
2933 0
2934 0
2937 0
2936 0
2940 0
2882 0
2881 0
2884 0
2885 0
2890 0
2894 0
2895 0
2899 0
2897 0
2902 0
2906 0
2909 0
2908 0
3285 0
3281 0
3282 0
3293 0
3294 0
3289 0
3268 0
3271 0
3270 0
3265 0
3267 0
3277 0
3276 0
3279 0
3275 0
3274 0
3318 0
3319 0
3327 0
3324 0
3303 0
3298 0
3296 0
3308 0
3305 0
3217 0
3224 0
3228 0
3229 0
3230 0
3231 0
3200 0
3205 0
3206 0
3209 0
3208 0
3210 0
3213 0
3254 0
3255 0
3257 0
3260 0
3261 0
3234 0
3239 0
3238 0
3236 0
3243 0
3247 0
3246 0
3245 0
3165 0
3167 0
3161 0
3163 0
3148 0
3151 0
3144 0
3146 0
3140 0
3143 0
3137 0
3138 0
3197 0
3196 0
3194 0
3192 0
3187 0
3186 0
3185 0
3183 0
3180 0
3176 0
3099 0
3101 0
3100 0
3103 0
3102 0
3089 0
3091 0
3094 0
3081 0
3085 0
3131 0
3129 0
3134 0
3133 0
3132 0
3121 0
3127 0
3125 0
3124 0
3112 0
3118 0
3116 0
3117 0
3106 0
3107 0
3105 0
3111 0
3527 0
3526 0
3525 0
3521 0
3520 0
3534 0
3533 0
3530 0
3528 0
3542 0
3543 0
3541 0
3550 0
3549 0
3546 0
3544 0
3556 0
3559 0
3552 0
3555 0
3565 0
3560 0
3563 0
3572 0
3573 0
3580 0
3579 0
3463 0
3461 0
3465 0
3464 0
3469 0
3474 0
3475 0
3472 0
3478 0
3477 0
3482 0
3483 0
3481 0
3485 0
3492 0
3497 0
3498 0
3501 0
3503 0
3502 0
3506 0
3508 0
3510 0
3511 0
3519 0
3405 0
3402 0
3403 0
3400 0
3395 0
3422 0
3417 0
3415 0
3412 0
3433 0
3428 0
3426 0
3451 0
3450 0
3444 0
3447 0
3446 0
3440 0
3442 0
3336 0
3337 0
3329 0
3333 0
3355 0
3353 0
3358 0
3356 0
3345 0
3351 0
3348 0
3370 0
3372 0
3360 0
3362 0
3365 0
3384 0
3386 0
3390 0
3376 0
3824 0
3828 0
3834 0
3835 0
3832 0
3833 0
3838 0
3839 0
3812 0
3817 0
3820 0
3792 0
3793 0
3796 0
3800 0
3804 0
3807 0
3780 0
3783 0
3787 0
3789 0
3788 0
3765 0
3762 0
3761 0
3774 0
3772 0
3773 0
3768 0
3747 0
3746 0
3745 0
3734 0
3731 0
3740 0
3737 0
3717 0
3712 0
3725 0
3721 0
3720 0
3707 0
3705 0
3710 0
3709 0
3697 0
3683 0
3680 0
3687 0
3684 0
3672 0
3676 0
3679 0
3678 0
3666 0
3670 0
3648 0
3650 0
3652 0
3654 0
3647 0
3643 0
3638 0
3637 0
3635 0
3634 0
3633 0
3630 0
3623 0
3620 0
3619 0
3616 0
3613 0
3612 0
3615 0
3609 0
3611 0
3604 0
3602 0
3596 0
3597 0
3598 0
3599 0
3594 0
3595 0
3587 0
4065 0
4066 0
4069 0
4070 0
4075 0
4082 0
4087 0
4088 0
4090 0
4091 0
4092 0
4095 0
4039 0
4038 0
4042 0
4041 0
4047 0
4044 0
4049 0
4055 0
4053 0
4058 0
4060 0
4004 0
4000 0
4015 0
4014 0
4008 0
4020 0
4022 0
4023 0
4016 0
4018 0
4019 0
4030 0
4031 0
3973 0
3972 0
3970 0
3979 0
3978 0
3990 0
3985 0
3997 0
3994 0
3945 0
3936 0
3940 0
3942 0
3953 0
3915 0
3912 0
3913 0
3918 0
3916 0
3910 0
3909 0
3928 0
3935 0
3922 0
3920 0
3926 0
3884 0
3885 0
3886 0
3880 0
3878 0
3875 0
3900 0
3903 0
3896 0
3899 0
3893 0
3891 0
3890 0
3855 0
3851 0
3848 0
3849 0
3846 0
3842 0
3841 0
3869 0
3862 0
3857 0
4401 0
4408 0
4409 0
4412 0
4413 0
4387 0
4388 0
4395 0
4399 0
4398 0
4375 0
4380 0
4354 0
4352 0
4357 0
4363 0
4361 0
4366 0
4469 0
4477 0
4478 0
4472 0
4473 0
4452 0
4449 0
4450 0
4462 0
4457 0
4456 0
4438 0
4439 0
4436 0
4437 0
4445 0
4443 0
4441 0
4423 0
4419 0
4417 0
4416 0
4428 0
4425 0
4537 0
4536 0
4528 0
4533 0
4532 0
4520 0
4527 0
4512 0
4517 0
4518 0
4506 0
4505 0
4498 0
4500 0
4491 0
4489 0
4495 0
4492 0
4483 0
4487 0
4484 0
4485 0
4604 0
4607 0
4606 0
4600 0
4603 0
4602 0
4597 0
4599 0
4594 0
4588 0
4590 0
4591 0
4578 0
4579 0
4574 0
4573 0
4570 0
4560 0
4558 0
4556 0
4552 0
4551 0
4546 0
4130 0
4133 0
4139 0
4143 0
4147 0
4145 0
4150 0
4153 0
4159 0
4157 0
4098 0
4105 0
4104 0
4109 0
4108 0
4111 0
4112 0
4113 0
4116 0
4118 0
4122 0
4123 0
4126 0
4127 0
4199 0
4206 0
4204 0
4203 0
4212 0
4210 0
4222 0
4220 0
4218 0
4165 0
4167 0
4166 0
4161 0
4162 0
4173 0
4172 0
4175 0
4171 0
4170 0
4180 0
4181 0
4183 0
4176 0
4189 0
4185 0
4266 0
4270 0
4271 0
4260 0
4283 0
4282 0
4280 0
4285 0
4284 0
4275 0
4279 0
4234 0
4227 0
4229 0
4230 0
4248 0
4250 0
4254 0
4240 0
4244 0
4247 0
4334 0
4333 0
4330 0
4331 0
4329 0
4326 0
4324 0
4322 0
4349 0
4345 0
4336 0
4300 0
4301 0
4302 0
4296 0
4299 0
4295 0
4288 0
4312 0
4308 0
4311 0
4307 0
4881 0
4894 0
4895 0
4890 0
4891 0
4870 0
4869 0
4866 0
4864 0
4879 0
4878 0
4877 0
4876 0
4872 0
4919 0
4912 0
4924 0
4900 0
4902 0
4898 0
4909 0
4910 0
4906 0
4946 0
4944 0
4945 0
4958 0
4956 0
4957 0
4928 0
4935 0
4934 0
4933 0
4939 0
4938 0
4942 0
4940 0
4986 0
4988 0
4989 0
4991 0
4961 0
4960 0
4962 0
4969 0
4973 0
4975 0
5022 0
5020 0
5016 0
5015 0
5014 0
5013 0
5008 0
5006 0
5004 0
5002 0
5003 0
5001 0
4999 0
4996 0
5052 0
5054 0
5051 0
5045 0
5044 0
5047 0
5040 0
5042 0
5033 0
5034 0
5031 0
5025 0
5026 0
5086 0
5085 0
5084 0
5072 0
5077 0
5066 0
5067 0
5064 0
5065 0
5057 0
5062 0
5060 0
5113 0
5117 0
5118 0
5104 0
5106 0
5096 0
5101 0
5103 0
5089 0
5094 0
4612 0
4609 0
4608 0
4611 0
4610 0
4621 0
4623 0
4622 0
4616 0
4619 0
4628 0
4629 0
4630 0
4624 0
4636 0
4639 0
4633 0
4634 0
4646 0
4645 0
4642 0
4640 0
4653 0
4652 0
4651 0
4649 0
4662 0
4657 0
4670 0
4671 0
4669 0
4666 0
4664 0
4675 0
4674 0
4677 0
4678 0
4681 0
4686 0
4695 0
4696 0
4697 0
4703 0
4706 0
4705 0
4708 0
4713 0
4718 0
4722 0
4724 0
4725 0
4728 0
4734 0
4735 0
4748 0
4751 0
4747 0
4740 0
4742 0
4737 0
4765 0
4766 0
4762 0
4753 0
4782 0
4776 0
4774 0
4775 0
4770 0
4768 0
4769 0
4797 0
4796 0
4795 0
4794 0
4793 0
4791 0
4790 0
4788 0
4786 0
4785 0
4808 0
4813 0
4801 0
4807 0
4824 0
4827 0
4826 0
4828 0
4830 0
4816 0
4818 0
4820 0
4823 0
4843 0
4840 0
4844 0
4834 0
4832 0
4833 0
4836 0
4837 0
4863 0
4851 0
4850 0
4854 0
4853 0
4852 0
5500 0
5502 0
5503 0
5496 0
5493 0
5488 0
5489 0
5487 0
5481 0
5480 0
5477 0
5468 0
5461 0
5457 0
5455 0
5454 0
5453 0
5452 0
5449 0
5448 0
5441 0
5434 0
5439 0
5424 0
5425 0
5417 0
5421 0
5409 0
5413 0
5412 0
5414 0
5402 0
5400 0
5406 0
5404 0
5392 0
5398 0
5397 0
5387 0
5385 0
5391 0
5390 0
5388 0
5379 0
5376 0
5380 0
5621 0
5620 0
5617 0
5618 0
5625 0
5626 0
5605 0
5607 0
5601 0
5613 0
5608 0
5609 0
5611 0
5590 0
5589 0
5586 0
5597 0
5593 0
5592 0
5574 0
5573 0
5571 0
5583 0
5576 0
5552 0
5555 0
5557 0
5556 0
5558 0
5562 0
5567 0
5536 0
5537 0
5538 0
5544 0
5546 0
5549 0
5525 0
5524 0
5529 0
5534 0
5507 0
5504 0
5505 0
5509 0
5514 0
5512 0
5519 0
5516 0
5230 0
5224 0
5223 0
5219 0
5218 0
5247 0
5245 0
5239 0
5237 0
5233 0
5196 0
5189 0
5188 0
5191 0
5185 0
5184 0
5213 0
5215 0
5207 0
5203 0
5163 0
5160 0
5167 0
5166 0
5165 0
5154 0
5153 0
5158 0
5157 0
5178 0
5179 0
5180 0
5170 0
5168 0
5169 0
5175 0
5131 0
5135 0
5121 0
5122 0
5125 0
5124 0
5127 0
5136 0
5138 0
5140 0
5141 0
5349 0
5346 0
5356 0
5355 0
5364 0
5362 0
5361 0
5360 0
5368 0
5318 0
5319 0
5312 0
5314 0
5315 0
5327 0
5321 0
5333 0
5337 0
5282 0
5283 0
5280 0
5285 0
5290 0
5291 0
5289 0
5294 0
5293 0
5298 0
5297 0
5301 0
5306 0
5304 0
5310 0
5309 0
5248 0
5251 0
5254 0
5256 0
5257 0
5258 0
5259 0
5265 0
5264 0
5269 0
5275 0
5274 0
5277 0
5276 0
5976 0
5982 0
5968 0
5969 0
5974 0
5963 0
5962 0
5961 0
5952 0
5957 0
5956 0
6009 0
6011 0
6015 0
6002 0
6006 0
6007 0
5993 0
5992 0
5995 0
5994 0
5997 0
5999 0
5998 0
5985 0
5984 0
5987 0
5990 0
5918 0
5919 0
5916 0
5915 0
5909 0
5903 0
5900 0
5897 0
5894 0
5893 0
5891 0
5889 0
5949 0
5947 0
5942 0
5936 0
5932 0
5935 0
5928 0
5930 0
5925 0
5924 0
5923 0
5922 0
6099 0
6097 0
6107 0
6081 0
6085 0
6090 0
6088 0
6089 0
6095 0
6128 0
6131 0
6139 0
6140 0
6143 0
6142 0
6113 0
6115 0
6118 0
6119 0
6123 0
6124 0
6126 0
6033 0
6044 0
6043 0
6041 0
6040 0
6020 0
6019 0
6017 0
6028 0
6029 0
6027 0
6066 0
6077 0
6078 0
6054 0
6048 0
6061 0
6056 0
6058 0
6059 0
5705 0
5711 0
5699 0
5701 0
5703 0
5722 0
5725 0
5713 0
5714 0
5716 0
5739 0
5737 0
5740 0
5731 0
5735 0
5754 0
5755 0
5753 0
5756 0
5757 0
5746 0
5750 0
5748 0
5645 0
5644 0
5647 0
5641 0
5640 0
5643 0
5634 0
5660 0
5661 0
5662 0
5663 0
5657 0
5654 0
5655 0
5650 0
5679 0
5673 0
5669 0
5668 0
5667 0
5666 0
5694 0
5695 0
5692 0
5693 0
5690 0
5684 0
5685 0
5828 0
5829 0
5835 0
5838 0
5841 0
5843 0
5842 0
5844 0
5846 0
5852 0
5854 0
5858 0
5863 0
5860 0
5866 0
5865 0
5872 0
5876 0
5882 0
5881 0
5767 0
5772 0
5773 0
5774 0
5775 0
5768 0
5771 0
5782 0
5779 0
5789 0
5791 0
5798 0
5799 0
5796 0
5797 0
5795 0
5792 0
5793 0
5807 0
5805 0
5800 0
5815 0
5813 0
5812 0
5822 0
5820 0
5817 0
6568 0
6570 0
6560 0
6561 0
6567 0
6584 0
6590 0
6577 0
6583 0
6538 0
6536 0
6537 0
6542 0
6543 0
6541 0
6528 0
6533 0
6554 0
6556 0
6547 0
6544 0
6550 0
6636 0
6633 0
6635 0
6628 0
6630 0
6625 0
6627 0
6653 0
6651 0
6646 0
6640 0
6643 0
6601 0
6598 0
6594 0
6595 0
6592 0
6622 0
6618 0
6615 0
6613 0
6432 0
6434 0
6436 0
6443 0
6448 0
6449 0
6452 0
6453 0
6458 0
6401 0
6400 0
6406 0
6405 0
6411 0
6408 0
6414 0
6412 0
6418 0
6419 0
6417 0
6427 0
6424 0
6425 0
6501 0
6503 0
6502 0
6499 0
6508 0
6510 0
6506 0
6516 0
6517 0
6518 0
6515 0
6526 0
6521 0
6522 0
6470 0
6467 0
6465 0
6464 0
6478 0
6475 0
6472 0
6480 0
6492 0
6488 0
6331 0
6328 0
6333 0
6323 0
6321 0
6327 0
6325 0
6314 0
6318 0
6319 0
6307 0
6304 0
6310 0
6296 0
6301 0
6290 0
6272 0
6276 0
6277 0
6278 0
6397 0
6391 0
6387 0
6383 0
6376 0
6377 0
6375 0
6370 0
6365 0
6362 0
6356 0
6359 0
6358 0
6353 0
6355 0
6351 0
6345 0
6342 0
6336 0
6337 0
6195 0
6193 0
6198 0
6202 0
6179 0
6176 0
6183 0
6182 0
6181 0
6184 0
6189 0
6167 0
6170 0
6171 0
6173 0
6144 0
6147 0
6146 0
6151 0
6150 0
6153 0
6154 0
6262 0
6260 0
6261 0
6258 0
6269 0
6267 0
6245 0
6244 0
6242 0
6241 0
6255 0
6252 0
6251 0
6248 0
6230 0
6224 0
6226 0
6233 0
6234 0
6215 0
6209 0
6211 0
6221 0
6222 0
6217 0
6219 0
6218 0
7050 0
7051 0
7048 0
7045 0
7043 0
7069 0
7064 0
7060 0
7059 0
7057 0
7056 0
7086 0
7072 0
7100 0
7103 0
7097 0
7092 0
7089 0
7091 0
7112 0
7113 0
7116 0
7117 0
7106 0
7104 0
7105 0
7109 0
7128 0
7134 0
7127 0
7146 0
7148 0
7149 0
7137 0
7140 0
7161 0
7160 0
7162 0
7153 0
7155 0
6918 0
6917 0
6916 0
6915 0
6914 0
6913 0
6912 0
6927 0
6924 0
6923 0
6922 0
6932 0
6933 0
6931 0
6929 0
6941 0
6939 0
6936 0
6950 0
6945 0
6944 0
6946 0
6958 0
6953 0
6954 0
6965 0
6960 0
6961 0
6975 0
6969 0
6970 0
6971 0
6977 0
6976 0
6986 0
6984 0
6991 0
6989 0
6994 0
6992 0
6998 0
6996 0
6997 0
7000 0
7017 0
7018 0
7021 0
7023 0
7028 0
7030 0
7039 0
6809 0
6811 0
6805 0
6804 0
6801 0
6802 0
6797 0
6793 0
6788 0
6784 0
6846 0
6842 0
6841 0
6839 0
6836 0
6834 0
6833 0
6830 0
6828 0
6829 0
6821 0
6817 0
6872 0
6876 0
6879 0
6865 0
6868 0
6870 0
6858 0
6859 0
6860 0
6862 0
6863 0
6849 0
6851 0
6852 0
6854 0
6906 0
6909 0
6908 0
6897 0
6896 0
6903 0
6902 0
6894 0
6895 0
6880 0
6881 0
6886 0
6887 0
6884 0
6885 0
6679 0
6672 0
6673 0
6674 0
6684 0
6686 0
6687 0
6681 0
6663 0
6662 0
6659 0
6658 0
6671 0
6665 0
6664 0
6667 0
6666 0
6706 0
6707 0
6704 0
6718 0
6715 0
6713 0
6694 0
6692 0
6690 0
6689 0
6688 0
6700 0
6699 0
6697 0
6696 0
6737 0
6741 0
6743 0
6745 0
6746 0
6748 0
6749 0
6751 0
6720 0
6725 0
6733 0
6774 0
6775 0
6777 0
6753 0
6759 0
6758 0
6756 0
6762 0
7652 0
7653 0
7654 0
7650 0
7651 0
7660 0
7661 0
7656 0
7658 0
7665 0
7666 0
7676 0
7678 0
7622 0
7623 0
7628 0
7626 0
7638 0
7637 0
7635 0
7632 0
7584 0
7586 0
7587 0
7592 0
7593 0
7595 0
7600 0
7607 0
7610 0
7552 0
7553 0
7558 0
7566 0
7567 0
7565 0
7571 0
7572 0
7583 0
7581 0
7533 0
7534 0
7529 0
7528 0
7531 0
7530 0
7525 0
7526 0
7522 0
7550 0
7551 0
7547 0
7540 0
7541 0
7543 0
7537 0
7539 0
7502 0
7500 0
7499 0
7498 0
7495 0
7494 0
7490 0
7489 0
7488 0
7516 0
7517 0
7513 0
7510 0
7508 0
7509 0
7507 0
7467 0
7468 0
7457 0
7460 0
7480 0
7482 0
7485 0
7472 0
7475 0
7476 0
7478 0
7479 0
7432 0
7437 0
7436 0
7427 0
7425 0
7448 0
7449 0
7454 0
7452 0
7453 0
7442 0
7443 0
7441 0
7445 0
7414 0
7412 0
7411 0
7410 0
7409 0
7423 0
7422 0
7421 0
7419 0
7396 0
7394 0
7392 0
7406 0
7407 0
7404 0
7400 0
7401 0
7381 0
7377 0
7379 0
7388 0
7385 0
7365 0
7366 0
7362 0
7372 0
7368 0
7371 0
7347 0
7344 0
7350 0
7353 0
7352 0
7359 0
7357 0
7330 0
7332 0
7336 0
7342 0
7340 0
7316 0
7320 0
7301 0
7302 0
7303 0
7304 0
7305 0
7310 0
7292 0
7290 0
7288 0
7289 0
7286 0
7283 0
7279 0
7274 0
7271 0
7267 0
7262 0
7263 0
7254 0
7249 0
7242 0
7236 0
7232 0
7234 0
7224 0
7230 0
7219 0
7223 0
7209 0
7215 0
7213 0
7212 0
7202 0
7201 0
7206 0
7192 0
7193 0
7196 0
7197 0
7198 0
7187 0
7188 0
7191 0
7176 0
7180 0
7182 0
7168 0
7171 0
8130 0
8131 0
8128 0
8134 0
8132 0
8142 0
8144 0
8151 0
8148 0
8155 0
8163 0
8164 0
8165 0
8167 0
8168 0
8174 0
8177 0
8178 0
8182 0
8187 0
8186 0
8188 0
8190 0
8069 0
8065 0
8072 0
8087 0
8095 0
8090 0
8088 0
8108 0
8110 0
8105 0
8118 0
8113 0
8124 0
8126 0
8120 0
8010 0
8009 0
8012 0
8002 0
8006 0
8024 0
8028 0
8016 0
8023 0
8043 0
8033 0
8035 0
8038 0
8057 0
8058 0
8059 0
8048 0
8049 0
8050 0
8051 0
8055 0
7950 0
7949 0
7946 0
7942 0
7936 0
7964 0
7963 0
7960 0
7961 0
7959 0
7957 0
7954 0
7952 0
7981 0
7980 0
7977 0
7976 0
7978 0
7975 0
7968 0
7993 0
7888 0
7896 0
7901 0
7903 0
7902 0
7874 0
7881 0
7886 0
7921 0
7927 0
7925 0
7931 0
7934 0
7908 0
7915 0
7913 0
7918 0
7916 0
7825 0
7826 0
7833 0
7832 0
7813 0
7809 0
7810 0
7816 0
7818 0
7819 0
7862 0
7866 0
7865 0
7864 0
7840 0
7854 0
7853 0
7850 0
7851 0
7769 0
7772 0
7760 0
7763 0
7764 0
7766 0
7753 0
7752 0
7747 0
7746 0
7748 0
7751 0
7750 0
7792 0
7793 0
7797 0
7785 0
7791 0
7778 0
7781 0
7704 0
7706 0
7702 0
7693 0
7695 0
7694 0
7689 0
7688 0
7691 0
7686 0
7680 0
7683 0
7682 0
7736 0
7735 0
7732 0
7730 0
7731 0
7727 0
7726 0
7725 0
7722 0
7721 0
7720 0
7719 0
7713 0
8800 0
8802 0
8805 0
8806 0
8809 0
8812 0
8813 0
8814 0
8815 0
8818 0
8823 0
8822 0
8825 0
8830 0
8768 0
8773 0
8779 0
8776 0
8777 0
8782 0
8783 0
8780 0
8781 0
8785 0
8789 0
8788 0
8794 0
8797 0
8740 0
8741 0
8748 0
8759 0
8754 0
8767 0
8766 0
8761 0
8763 0
8762 0
8710 0
8708 0
8709 0
8718 0
8714 0
8715 0
8712 0
8713 0
8727 0
8726 0
8735 0
8734 0
8732 0
8728 0
8937 0
8939 0
8938 0
8943 0
8942 0
8928 0
8930 0
8935 0
8957 0
8948 0
8951 0
8908 0
8903 0
8922 0
8921 0
8926 0
8924 0
8915 0
8912 0
8913 0
8916 0
8917 0
8877 0
8878 0
8869 0
8868 0
8870 0
8867 0
8866 0
8890 0
8891 0
8885 0
8846 0
8845 0
8844 0
8843 0
8841 0
8838 0
8837 0
8836 0
8835 0
8834 0
8833 0
8832 0
8861 0
8859 0
8854 0
8855 0
8853 0
8850 0
9075 0
9074 0
9073 0
9079 0
9078 0
9076 0
9080 0
9085 0
9058 0
9056 0
9061 0
9070 0
9068 0
9069 0
9042 0
9045 0
9047 0
9052 0
9025 0
9027 0
9033 0
9034 0
9012 0
9011 0
9010 0
9009 0
9008 0
9021 0
9020 0
9018 0
9016 0
8998 0
8999 0
8996 0
9006 0
9004 0
9002 0
9003 0
8981 0
8980 0
8977 0
8984 0
8966 0
8967 0
8960 0
8973 0
8975 0
8970 0
9208 0
9213 0
9202 0
9201 0
9206 0
9205 0
9195 0
9197 0
9196 0
9185 0
9184 0
9190 0
9188 0
9177 0
9179 0
9182 0
9170 0
9172 0
9175 0
9167 0
9155 0
9156 0
9158 0
9151 0
9148 0
9144 0
9141 0
9136 0
9137 0
9132 0
9130 0
9129 0
9127 0
9123 0
9122 0
9112 0
9113 0
9108 0
9109 0
9111 0
9104 0
9105 0
9107 0
9100 0
9103 0
9102 0
9096 0
9099 0
9092 0
9089 0
9088 0
8262 0
8260 0
8256 0
8257 0
8268 0
8269 0
8264 0
8279 0
8277 0
8287 0
8285 0
8283 0
8282 0
8281 0
8294 0
8295 0
8291 0
8300 0
8303 0
8296 0
8299 0
8309 0
8305 0
8306 0
8312 0
8315 0
8192 0
8193 0
8197 0
8202 0
8206 0
8207 0
8204 0
8215 0
8212 0
8219 0
8217 0
8222 0
8224 0
8226 0
8227 0
8230 0
8231 0
8233 0
8234 0
8236 0
8237 0
8240 0
8244 0
8248 0
8250 0
8253 0
8254 0
8395 0
8394 0
8391 0
8390 0
8414 0
8412 0
8413 0
8406 0
8407 0
8401 0
8427 0
8426 0
8423 0
8422 0
8416 0
8419 0
8418 0
8442 0
8437 0
8439 0
8330 0
8329 0
8334 0
8333 0
8332 0
8322 0
8327 0
8347 0
8344 0
8345 0
8348 0
8340 0
8341 0
8361 0
8365 0
8364 0
8367 0
8366 0
8353 0
8354 0
8378 0
8369 0
8371 0
8375 0
8532 0
8535 0
8534 0
8531 0
8530 0
8541 0
8537 0
8536 0
8516 0
8518 0
8515 0
8525 0
8526 0
8520 0
8522 0
8563 0
8562 0
8560 0
8569 0
8568 0
8548 0
8556 0
8555 0
8552 0
8553 0
8469 0
8471 0
8472 0
8475 0
8451 0
8452 0
8462 0
8507 0
8506 0
8510 0
8483 0
8480 0
8486 0
8487 0
8485 0
8488 0
8495 0
8493 0
8669 0
8670 0
8665 0
8667 0
8660 0
8661 0
8662 0
8656 0
8653 0
8649 0
8648 0
8651 0
8647 0
8640 0
8642 0
8703 0
8690 0
8689 0
8686 0
8684 0
8682 0
8680 0
8678 0
8675 0
8601 0
8602 0
8604 0
8593 0
8598 0
8599 0
8585 0
8584 0
8587 0
8589 0
8590 0
8577 0
8579 0
8578 0
8581 0
8636 0
8625 0
8631 0
8629 0
8623 0
8608 0
8613 0
8612 0
9771 0
9764 0
9765 0
9760 0
9761 0
9762 0
9763 0
9789 0
9788 0
9790 0
9784 0
9781 0
9783 0
9777 0
9779 0
9738 0
9736 0
9734 0
9732 0
9730 0
9731 0
9759 0
9753 0
9752 0
9751 0
9744 0
9832 0
9834 0
9835 0
9836 0
9838 0
9824 0
9825 0
9828 0
9830 0
9831 0
9849 0
9851 0
9852 0
9855 0
9845 0
9847 0
9846 0
9803 0
9805 0
9792 0
9799 0
9822 0
9811 0
9812 0
9892 0
9895 0
9889 0
9901 0
9903 0
9911 0
9906 0
9907 0
9916 0
9917 0
9918 0
9858 0
9866 0
9864 0
9878 0
9876 0
9872 0
9873 0
9885 0
9883 0
9881 0
9956 0
9965 0
9966 0
9972 0
9974 0
9976 0
9982 0
9983 0
9921 0
9930 0
9935 0
9933 0
9932 0
9937 0
9946 0
9945 0
9951 0
9949 0
10046 0
10045 0
10043 0
10037 0
10036 0
10032 0
10027 0
10024 0
10023 0
10020 0
10008 0
10006 0
9997 0
9999 0
9988 0
9984 0
9986 0
10106 0
10105 0
10098 0
10096 0
10103 0
10088 0
10089 0
10095 0
10093 0
10082 0
10080 0
10087 0
10073 0
10077 0
10065 0
10066 0
10069 0
10056 0
10057 0
10049 0
10050 0
10052 0
10167 0
10162 0
10175 0
10172 0
10173 0
10170 0
10171 0
10168 0
10148 0
10147 0
10146 0
10144 0
10157 0
10156 0
10153 0
10152 0
10132 0
10135 0
10140 0
10141 0
10142 0
10143 0
10137 0
10127 0
10126 0
10122 0
10227 0
10224 0
10234 0
10235 0
10238 0
10236 0
10213 0
10212 0
10219 0
10218 0
10223 0
10195 0
10199 0
10204 0
10207 0
10191 0
9227 0
9228 0
9229 0
9223 0
9221 0
9243 0
9241 0
9235 0
9234 0
9238 0
9236 0
9257 0
9259 0
9260 0
9263 0
9248 0
9255 0
9272 0
9275 0
9274 0
9277 0
9267 0
9268 0
9293 0
9291 0
9286 0
9287 0
9284 0
9311 0
9309 0
9307 0
9306 0
9302 0
9300 0
9298 0
9324 0
9321 0
9322 0
9323 0
9316 0
9319 0
9312 0
9339 0
9332 0
9328 0
9346 0
9345 0
9353 0
9358 0
9366 0
9364 0
9369 0
9374 0
9375 0
9373 0
9377 0
9383 0
9382 0
9387 0
9389 0
9393 0
9395 0
9400 0
9401 0
9402 0
9404 0
9406 0
9407 0
9414 0
9408 0
9422 0
9419 0
9418 0
9417 0
9430 0
9431 0
9428 0
9429 0
9427 0
9424 0
9438 0
9437 0
9434 0
9444 0
9443 0
9449 0
9451 0
9459 0
9469 0
9470 0
9464 0
9497 0
9496 0
9488 0
9491 0
9490 0
9495 0
9494 0
9480 0
9482 0
9483 0
9486 0
9487 0
9474 0
9479 0
9531 0
9528 0
9534 0
9523 0
9522 0
9524 0
9515 0
9512 0
9513 0
9518 0
9519 0
9560 0
9563 0
9557 0
9555 0
9554 0
9548 0
9541 0
9542 0
9536 0
9538 0
9597 0
9591 0
9590 0
9587 0
9586 0
9582 0
9581 0
9574 0
9575 0
9570 0
9568 0
9618 0
9619 0
9620 0
9621 0
9623 0
9631 0
9601 0
9606 0
9608 0
9611 0
9610 0
9614 0
9651 0
9654 0
9652 0
9653 0
9658 0
9659 0
9635 0
9633 0
9643 0
9640 0
9647 0
9680 0
9681 0
9682 0
9693 0
9688 0
9668 0
9671 0
9670 0
9676 0
9674 0
9719 0
9717 0
9726 0
9724 0
9723 0
9720 0
9721 0
9702 0
9701 0
9698 0
9696 0
9707 0
9706 0
9704 0
10952 0
10947 0
10946 0
10951 0
10940 0
10942 0
10943 0
10929 0
10924 0
10921 0
10918 0
10914 0
10910 0
10909 0
10906 0
10902 0
10896 0
10895 0
10891 0
10888 0
10886 0
10884 0
10883 0
10882 0
10867 0
10869 0
10870 0
10876 0
10849 0
10853 0
10856 0
10861 0
10834 0
10839 0
10837 0
10841 0
10847 0
10844 0
10823 0
10824 0
10831 0
10828 0
10807 0
10806 0
10801 0
10803 0
10802 0
10809 0
10788 0
10789 0
10784 0
10785 0
10787 0
10798 0
10773 0
10768 0
10777 0
10776 0
10757 0
10754 0
10755 0
10765 0
10461 0
10456 0
10454 0
10452 0
10453 0
10451 0
10448 0
10446 0
10443 0
10437 0
10433 0
10492 0
10489 0
10484 0
10482 0
10483 0
10472 0
10469 0
10471 0
10465 0
10466 0
10392 0
10393 0
10398 0
10385 0
10390 0
10388 0
10383 0
10382 0
10381 0
10371 0
10373 0
10424 0
10425 0
10418 0
10419 0
10422 0
10423 0
10409 0
10408 0
10410 0
10413 0
10415 0
10404 0
10407 0
10327 0
10325 0
10324 0
10323 0
10322 0
10328 0
10308 0
10306 0
10307 0
10304 0
10305 0
10318 0
10319 0
10314 0
10312 0
10313 0
10356 0
10354 0
10363 0
10341 0
10342 0
10343 0
10336 0
10339 0
10348 0
10350 0
10351 0
10258 0
10260 0
10265 0
10241 0
10245 0
10250 0
10248 0
10249 0
10254 0
10288 0
10291 0
10294 0
10297 0
10296 0
10298 0
10301 0
10300 0
10303 0
10274 0
10282 0
10283 0
10284 0
10285 0
10701 0
10703 0
10697 0
10699 0
10693 0
10694 0
10691 0
10717 0
10718 0
10719 0
10714 0
10715 0
10708 0
10705 0
10707 0
10725 0
10724 0
10723 0
10721 0
10750 0
10749 0
10742 0
10739 0
10737 0
10633 0
10632 0
10634 0
10637 0
10638 0
10624 0
10627 0
10629 0
10628 0
10630 0
10648 0
10651 0
10652 0
10642 0
10643 0
10644 0
10645 0
10646 0
10647 0
10667 0
10664 0
10671 0
10681 0
10686 0
10684 0
10685 0
10674 0
10675 0
10672 0
10673 0
10564 0
10572 0
10574 0
10575 0
10568 0
10581 0
10583 0
10577 0
10576 0
10591 0
10586 0
10595 0
10593 0
10606 0
10607 0
10604 0
10600 0
10613 0
10608 0
10623 0
10622 0
10620 0
10619 0
10499 0
10500 0
10501 0
10504 0
10506 0
10507 0
10508 0
10514 0
10516 0
10526 0
10530 0
10535 0
10538 0
10539 0
10536 0
10537 0
10543 0
10546 0
10544 0
10552 0
10559 0
2 1
5 1
9 1
10 1
15 1
16 1
25 1
24 1
30 1
33 1
36 1
43 1
41 1
51 1
50 1
54 1
56 1
61 1
69 1
70 1
66 1
84 1
87 1
86 1
82 1
102 1
100 1
101 1
114 1
127 1
120 1
137 1
136 1
139 1
141 1
152 1
154 1
158 1
144 1
147 1
148 1
175 1
173 1
161 1
164 1
191 1
189 1
204 1
203 1
202 1
196 1
217 1
213 1
209 1
237 1
232 1
225 1
224 1
242 1
273 1
277 1
283 1
282 1
280 1
286 1
284 1
259 1
304 1
308 1
311 1
310 1
316 1
319 1
293 1
299 1
302 1
339 1
336 1
351 1
350 1
327 1
324 1
334 1
375 1
374 1
369 1
371 1
383 1
376 1
379 1
358 1
366 1
409 1
413 1
406 1
405 1
395 1
398 1
386 1
385 1
446 1
435 1
438 1
439 1
425 1
427 1
416 1
475 1
470 1
471 1
469 1
462 1
460 1
459 1
456 1
453 1
452 1
448 1
508 1
510 1
501 1
496 1
492 1
490 1
484 1
481 1
482 1
558 1
559 1
573 1
524 1
527 1
531 1
537 1
539 1
609 1
626 1
631 1
629 1
628 1
635 1
576 1
585 1
586 1
590 1
594 1
596 1
599 1
600 1
602 1
685 1
682 1
698 1
688 1
652 1
645 1
666 1
661 1
662 1
658 1
745 1
750 1
749 1
739 1
743 1
761 1
754 1
713 1
714 1
709 1
727 1
823 1
819 1
831 1
830 1
824 1
827 1
826 1
805 1
806 1
801 1
802 1
813 1
808 1
809 1
789 1
798 1
769 1
882 1
886 1
893 1
867 1
855 1
858 1
862 1
861 1
838 1
847 1
844 1
845 1
956 1
952 1
953 1
954 1
951 1
947 1
943 1
942 1
939 1
931 1
930 1
919 1
914 1
915 1
913 1
909 1
904 1
903 1
902 1
900 1
897 1
1009 1
1010 1
1003 1
1005 1
993 1
994 1
996 1
998 1
989 1
982 1
980 1
975 1
974 1
973 1
972 1
960 1
1101 1
1103 1
1096 1
1098 1
1092 1
1090 1
1116 1
1118 1
1112 1
1105 1
1104 1
1134 1
1129 1
1127 1
1122 1
1120 1
1121 1
1148 1
1147 1
1145 1
1141 1
1034 1
1038 1
1029 1
1049 1
1040 1
1067 1
1056 1
1073 1
1077 1
1223 1
1216 1
1230 1
1224 1
1227 1
1241 1
1255 1
1254 1
1250 1
1249 1
1248 1
1262 1
1266 1
1276 1
1274 1
1272 1
1273 1
1153 1
1152 1
1157 1
1156 1
1163 1
1175 1
1187 1
1184 1
1193 1
1199 1
1203 1
1200 1
1201 1
1206 1
1208 1
1209 1
1213 1
1375 1
1370 1
1368 1
1367 1
1366 1
1365 1
1351 1
1400 1
1396 1
1398 1
1393 1
1389 1
1384 1
1387 1
1378 1
1379 1
1307 1
1306 1
1308 1
1296 1
1303 1
1301 1
1290 1
1295 1
1284 1
1285 1
1343 1
1328 1
1335 1
1334 1
1320 1
1324 1
1326 1
1312 1
1489 1
1500 1
1501 1
1496 1
1497 1
1477 1
1472 1
1485 1
1526 1
1520 1
1521 1
1523 1
1534 1
1535 1
1529 1
1511 1
1507 1
1517 1
1513 1
1514 1
1426 1
1431 1
1428 1
1414 1
1423 1
1422 1
1421 1
1420 1
1463 1
1465 1
1467 1
1469 1
1443 1
1451 1
1455 1
1454 1
1633 1
1659 1
1657 1
1649 1
1648 1
1654 1
1609 1
1604 1
1626 1
1628 1
1617 1
1618 1
1621 1
1572 1
1573 1
1593 1
1589 1
1586 1
1585 1
1548 1
1549 1
1551 1
1545 1
1540 1
1565 1
1564 1
1560 1
1563 1
1557 1
1556 1
1559 1
1762 1
1769 1
1776 1
1782 1
1780 1
1788 1
1789 1
1730 1
1733 1
1740 1
1742 1
1753 1
1754 1
1755 1
1701 1
1696 1
1706 1
1714 1
1724 1
1722 1
1720 1
1669 1
1667 1
1677 1
1678 1
1673 1
1672 1
1685 1
1692 1
1694 1
1915 1
1916 1
1919 1
1904 1
1906 1
1900 1
1893 1
1885 1
1873 1
1858 1
1854 1
1845 1
1834 1
1835 1
1831 1
1826 1
1823 1
1820 1
1810 1
1809 1
1806 1
1807 1
1805 1
1798 1
1796 1
2036 1
2038 1
2042 1
2046 1
2019 1
2023 1
2002 1
2003 1
2005 1
2011 1
2008 1
2009 1
2013 1
1987 1
1986 1
1988 1
1995 1
1992 1
1997 1
1972 1
1975 1
1968 1
1982 1
1977 1
1956 1
1952 1
1965 1
1967 1
1960 1
1962 1
1943 1
1948 1
1949 1
1945 1
1935 1
1932 1
1931 1
1928 1
2200 1
2202 1
2205 1
2207 1
2193 1
2198 1
2185 1
2187 1
2176 1
2182 1
2234 1
2238 1
2236 1
2229 1
2216 1
2221 1
2210 1
2208 1
2269 1
2270 1
2265 1
2266 1
2267 1
2261 1
2257 1
2253 1
2254 1
2249 1
2248 1
2250 1
2247 1
2300 1
2292 1
2290 1
2288 1
2287 1
2279 1
2274 1
2069 1
2076 1
2049 1
2050 1
2054 1
2057 1
2059 1
2060 1
2096 1
2102 1
2110 1
2109 1
2083 1
2090 1
2091 1
2133 1
2130 1
2137 1
2136 1
2125 1
2121 1
2123 1
2164 1
2163 1
2174 1
2173 1
2168 1
2149 1
2146 1
2152 1
2440 1
2446 1
2433 1
2458 1
2463 1
2450 1
2449 1
2481 1
2484 1
2486 1
2487 1
2502 1
2520 1
2519 1
2513 1
2543 1
2529 1
2528 1
2558 1
2559 1
2553 1
2309 1
2316 1
2317 1
2335 1
2339 1
2340 1
2342 1
2353 1
2352 1
2358 1
2364 1
2366 1
2372 1
2371 1
2389 1
2388 1
2386 1
2384 1
2392 1
2404 1
2403 1
2413 1
2414 1
2415 1
2408 1
2416 1
2429 1
2428 1
2750 1
2749 1
2732 1
2726 1
2722 1
2719 1
2714 1
2709 1
2710 1
2707 1
2701 1
2700 1
2702 1
2690 1
2810 1
2801 1
2806 1
2792 1
2791 1
2777 1
2779 1
2780 1
2768 1
2774 1
2760 1
2766 1
2756 1
2759 1
2758 1
2613 1
2622 1
2619 1
2597 1
2594 1
2593 1
2606 1
2604 1
2579 1
2589 1
2588 1
2587 1
2586 1
2564 1
2565 1
2566 1
2569 1
2673 1
2686 1
2684 1
2658 1
2667 1
2665 1
2670 1
2668 1
2641 1
2642 1
2652 1
2629 1
2633 1
2635 1
2637 1
2988 1
2991 1
2983 1
2982 1
2979 1
3005 1
3000 1
3001 1
2997 1
2998 1
2992 1
2993 1
2994 1
2995 1
2958 1
2957 1
2951 1
2944 1
2962 1
3049 1
3055 1
3054 1
3067 1
3070 1
3021 1
3011 1
3009 1
3008 1
3032 1
3027 1
3030 1
2861 1
2863 1
2856 1
2858 1
2859 1
2868 1
2866 1
2872 1
2874 1
2823 1
2820 1
2818 1
2816 1
2831 1
2827 1
2825 1
2836 1
2833 1
2915 1
2917 1
2922 1
2925 1
2932 1
2935 1
2938 1
2941 1
2943 1
2891 1
2892 1
2893 1
2896 1
2901 1
2910 1
3292 1
3295 1
3288 1
3290 1
3291 1
3264 1
3266 1
3278 1
3272 1
3314 1
3315 1
3326 1
3321 1
3299 1
3297 1
3311 1
3309 1
3307 1
3304 1
3216 1
3218 1
3220 1
3223 1
3225 1
3226 1
3211 1
3214 1
3248 1
3252 1
3262 1
3263 1
3235 1
3242 1
3241 1
3244 1
3157 1
3152 1
3154 1
3136 1
3139 1
3199 1
3198 1
3191 1
3184 1
3178 1
3179 1
3177 1
3173 1
3170 1
3171 1
3169 1
3088 1
3093 1
3084 1
3074 1
3076 1
3126 1
3114 1
3524 1
3523 1
3529 1
3537 1
3548 1
3553 1
3554 1
3566 1
3581 1
3577 1
3456 1
3467 1
3468 1
3473 1
3487 1
3488 1
3493 1
3494 1
3499 1
3504 1
3509 1
3517 1
3518 1
3406 1
3404 1
3399 1
3396 1
3397 1
3392 1
3413 1
3410 1
3408 1
3436 1
3435 1
3429 1
3430 1
3425 1
3427 1
3452 1
3445 1
3441 1
3339 1
3341 1
3330 1
3328 1
3347 1
3368 1
3366 1
3385 1
3377 1
3379 1
3378 1
3827 1
3830 1
3836 1
3821 1
3794 1
3801 1
3777 1
3779 1
3785 1
3791 1
3766 1
3764 1
3763 1
3771 1
3769 1
3750 1
3749 1
3748 1
3759 1
3758 1
3757 1
3756 1
3752 1
3732 1
3733 1
3738 1
3718 1
3722 1
3704 1
3703 1
3700 1
3688 1
3693 1
3681 1
3685 1
3674 1
3665 1
3667 1
3671 1
3656 1
3657 1
3658 1
3663 1
3651 1
3653 1
3645 1
3644 1
3641 1
3640 1
3639 1
3636 1
3631 1
3628 1
3629 1
3626 1
3625 1
3621 1
3605 1
3600 1
3593 1
3588 1
3590 1
3591 1
3585 1
3586 1
4067 1
4072 1
4079 1
4080 1
4081 1
4085 1
4086 1
4089 1
4093 1
4034 1
4037 1
4043 1
4045 1
4048 1
4054 1
4059 1
4005 1
4006 1
4013 1
4009 1
4011 1
4021 1
4017 1
3971 1
3968 1
3981 1
3986 1
3996 1
3992 1
3993 1
3944 1
3946 1
3947 1
3948 1
3951 1
3937 1
3941 1
3943 1
3964 1
3955 1
3954 1
3959 1
3917 1
3906 1
3911 1
3932 1
3923 1
3925 1
3924 1
3872 1
3873 1
3901 1
3902 1
3898 1
3892 1
3895 1
3894 1
3852 1
3847 1
3844 1
3845 1
3871 1
3870 1
3866 1
3865 1
3860 1
3859 1
3858 1
4405 1
4406 1
4407 1
4410 1
4414 1
4385 1
4386 1
4390 1
4392 1
4397 1
4370 1
4371 1
4368 1
4372 1
4373 1
4379 1
4377 1
4382 1
4381 1
4355 1
4353 1
4356 1
4362 1
4360 1
4468 1
4465 1
4466 1
4467 1
4454 1
4451 1
4463 1
4435 1
4432 1
4444 1
4442 1
4440 1
4418 1
4431 1
4429 1
4427 1
4539 1
4543 1
4542 1
4530 1
4522 1
4525 1
4526 1
4513 1
4515 1
4519 1
4510 1
4499 1
4497 1
4496 1
4503 1
4502 1
4501 1
4488 1
4480 1
4481 1
4605 1
4601 1
4592 1
4586 1
4576 1
4577 1
4572 1
4568 1
4565 1
4563 1
4562 1
4559 1
4557 1
4554 1
4549 1
4131 1
4132 1
4138 1
4136 1
4146 1
4151 1
4149 1
4155 1
4158 1
4156 1
4097 1
4106 1
4114 1
4125 1
4197 1
4194 1
4205 1
4202 1
4214 1
4215 1
4221 1
4219 1
4164 1
4174 1
4177 1
4179 1
4191 1
4184 1
4267 1
4264 1
4265 1
4269 1
4258 1
4261 1
4287 1
4286 1
4274 1
4273 1
4272 1
4278 1
4277 1
4233 1
4238 1
4239 1
4225 1
4228 1
4249 1
4252 1
4335 1
4332 1
4328 1
4327 1
4350 1
4343 1
4337 1
4292 1
4317 1
4318 1
4313 1
4314 1
4309 1
4305 1
4304 1
4885 1
4893 1
4888 1
4871 1
4874 1
4916 1
4918 1
4913 1
4915 1
4926 1
4927 1
4920 1
4897 1
4907 1
4950 1
4951 1
4955 1
4959 1
4930 1
4943 1
4990 1
4966 1
4970 1
5021 1
5017 1
5011 1
5000 1
4998 1
4992 1
5050 1
5046 1
5043 1
5037 1
5038 1
5039 1
5032 1
5029 1
5030 1
5083 1
5080 1
5075 1
5073 1
5079 1
5076 1
5056 1
5115 1
5116 1
5105 1
5097 1
5099 1
4613 1
4617 1
4631 1
4626 1
4641 1
4655 1
4660 1
4661 1
4656 1
4667 1
4665 1
4680 1
4682 1
4684 1
4688 1
4701 1
4704 1
4711 1
4710 1
4715 1
4714 1
4720 1
4726 1
4727 1
4730 1
4732 1
4745 1
4746 1
4743 1
4738 1
4764 1
4761 1
4759 1
4780 1
4781 1
4778 1
4779 1
4799 1
4798 1
4792 1
4787 1
4815 1
4804 1
4805 1
4819 1
4821 1
4846 1
4858 1
4862 1
4861 1
4860 1
4849 1
4848 1
5501 1
5498 1
5494 1
5490 1
5485 1
5486 1
5473 1
5467 1
5463 1
5460 1
5450 1
5447 1
5446 1
5445 1
5444 1
5443 1
5440 1
5432 1
5433 1
5435 1
5437 1
5428 1
5418 1
5423 1
5422 1
5403 1
5401 1
5405 1
5394 1
5384 1
5389 1
5377 1
5382 1
5623 1
5622 1
5616 1
5631 1
5630 1
5627 1
5604 1
5612 1
5614 1
5610 1
5591 1
5588 1
5587 1
5585 1
5598 1
5575 1
5572 1
5570 1
5580 1
5577 1
5543 1
5522 1
5521 1
5531 1
5533 1
5515 1
5513 1
5227 1
5222 1
5221 1
5217 1
5240 1
5235 1
5193 1
5192 1
5194 1
5187 1
5212 1
5214 1
5204 1
5200 1
5201 1
5202 1
5162 1
5164 1
5155 1
5152 1
5176 1
5171 1
5130 1
5134 1
5146 1
5150 1
5139 1
5350 1
5351 1
5347 1
5358 1
5359 1
5357 1
5352 1
5353 1
5367 1
5365 1
5374 1
5371 1
5317 1
5324 1
5326 1
5335 1
5334 1
5329 1
5328 1
5331 1
5330 1
5341 1
5339 1
5338 1
5281 1
5286 1
5287 1
5284 1
5288 1
5295 1
5296 1
5305 1
5252 1
5253 1
5261 1
5263 1
5271 1
5272 1
5279 1
5978 1
5967 1
5966 1
5959 1
6008 1
6010 1
6012 1
6014 1
6000 1
6003 1
6005 1
5986 1
5989 1
5991 1
5912 1
5913 1
5910 1
5911 1
5901 1
5898 1
5896 1
5948 1
5944 1
5940 1
5941 1
5943 1
5939 1
5929 1
5931 1
5926 1
6103 1
6102 1
6101 1
6104 1
6110 1
6108 1
6083 1
6080 1
6086 1
6084 1
6091 1
6092 1
6093 1
6133 1
6135 1
6137 1
6116 1
6120 1
6122 1
6127 1
6039 1
6034 1
6032 1
6047 1
6042 1
6022 1
6023 1
6021 1
6018 1
6016 1
6030 1
6031 1
6069 1
6070 1
6065 1
6076 1
6079 1
6072 1
6052 1
6062 1
6063 1
5706 1
5710 1
5696 1
5702 1
5721 1
5724 1
5712 1
5715 1
5717 1
5738 1
5741 1
5729 1
5734 1
5758 1
5759 1
5747 1
5751 1
5636 1
5633 1
5656 1
5658 1
5659 1
5652 1
5649 1
5651 1
5678 1
5675 1
5671 1
5664 1
5686 1
5682 1
5680 1
5836 1
5837 1
5849 1
5851 1
5856 1
5861 1
5867 1
5869 1
5874 1
5877 1
5765 1
5760 1
5761 1
5762 1
5769 1
5770 1
5780 1
5790 1
5785 1
5787 1
5794 1
5804 1
5810 1
5809 1
5823 1
5819 1
6569 1
6572 1
6563 1
6587 1
6588 1
6582 1
6539 1
6540 1
6530 1
6535 1
6552 1
6559 1
6632 1
6629 1
6624 1
6652 1
6655 1
6649 1
6648 1
6645 1
6647 1
6606 1
6600 1
6596 1
6597 1
6614 1
6610 1
6609 1
6608 1
6433 1
6435 1
6437 1
6441 1
6440 1
6442 1
6446 1
6451 1
6454 1
6462 1
6463 1
6409 1
6416 1
6420 1
6421 1
6426 1
6431 1
6498 1
6509 1
6519 1
6512 1
6520 1
6523 1
6471 1
6468 1
6466 1
6473 1
6486 1
6484 1
6483 1
6481 1
6495 1
6493 1
6490 1
6491 1
6330 1
6320 1
6326 1
6306 1
6311 1
6308 1
6297 1
6298 1
6300 1
6289 1
6288 1
6295 1
6294 1
6280 1
6282 1
6285 1
6287 1
6399 1
6398 1
6394 1
6393 1
6392 1
6386 1
6385 1
6384 1
6382 1
6381 1
6379 1
6373 1
6360 1
6354 1
6347 1
6343 1
6339 1
6206 1
6204 1
6178 1
6180 1
6187 1
6186 1
6188 1
6160 1
6162 1
6164 1
6165 1
6166 1
6175 1
6149 1
6148 1
6155 1
6157 1
6259 1
6264 1
6247 1
6254 1
6250 1
6249 1
6228 1
6225 1
6235 1
6212 1
6214 1
6220 1
6223 1
7053 1
7042 1
7071 1
7068 1
7062 1
7084 1
7085 1
7087 1
7081 1
7082 1
7083 1
7077 1
7074 1
7102 1
7096 1
7098 1
7119 1
7107 1
7110 1
7130 1
7129 1
7132 1
7144 1
7151 1
7136 1
7139 1
7163 1
7164 1
7167 1
7166 1
7152 1
7154 1
7159 1
7158 1
6925 1
6935 1
6940 1
6949 1
6956 1
6966 1
6972 1
6974 1
6968 1
6979 1
6978 1
6983 1
6982 1
6980 1
7003 1
7001 1
7007 1
7005 1
7009 1
7008 1
7010 1
7013 1
7019 1
7024 1
7025 1
7026 1
7027 1
7029 1
7035 1
6812 1
6814 1
6810 1
6798 1
6790 1
6845 1
6840 1
6827 1
6820 1
6818 1
6819 1
6816 1
6875 1
6867 1
6869 1
6857 1
6848 1
6905 1
6899 1
6898 1
6901 1
6889 1
6892 1
6893 1
6882 1
6883 1
6676 1
6685 1
6680 1
6661 1
6660 1
6710 1
6708 1
6709 1
6719 1
6717 1
6714 1
6712 1
6695 1
6693 1
6691 1
6703 1
6698 1
6739 1
6740 1
6721 1
6722 1
6727 1
6728 1
6731 1
6730 1
6732 1
6735 1
6771 1
6772 1
6779 1
6783 1
6781 1
6754 1
6752 1
6757 1
6761 1
6764 1
7649 1
7663 1
7657 1
7669 1
7670 1
7677 1
7679 1
7675 1
7618 1
7619 1
7616 1
7630 1
7631 1
7624 1
7625 1
7639 1
7636 1
7645 1
7644 1
7641 1
7640 1
7585 1
7588 1
7589 1
7591 1
7602 1
7604 1
7609 1
7608 1
7611 1
7554 1
7562 1
7563 1
7561 1
7564 1
7578 1
7577 1
7582 1
7524 1
7520 1
7549 1
7501 1
7496 1
7518 1
7519 1
7504 1
7466 1
7471 1
7470 1
7459 1
7462 1
7484 1
7486 1
7439 1
7424 1
7430 1
7451 1
7446 1
7447 1
7397 1
7403 1
7383 1
7376 1
7389 1
7391 1
7360 1
7361 1
7363 1
7373 1
7349 1
7348 1
7355 1
7354 1
7358 1
7356 1
7329 1
7334 1
7335 1
7333 1
7339 1
7312 1
7315 1
7314 1
7319 1
7322 1
7326 1
7297 1
7300 1
7308 1
7295 1
7293 1
7277 1
7275 1
7273 1
7265 1
7252 1
7255 1
7251 1
7245 1
7241 1
7243 1
7237 1
7238 1
7225 1
7228 1
7229 1
7218 1
7217 1
7204 1
7195 1
7184 1
7185 1
7190 1
7179 1
7178 1
7181 1
7169 1
7170 1
7175 1
8129 1
8135 1
8138 1
8137 1
8141 1
8154 1
8157 1
8162 1
8169 1
8170 1
8176 1
8185 1
8184 1
8070 1
8068 1
8077 1
8075 1
8086 1
8085 1
8082 1
8091 1
8089 1
8100 1
8101 1
8102 1
8097 1
8098 1
8099 1
8109 1
8111 1
8106 1
8107 1
8117 1
8112 1
8114 1
8125 1
8127 1
8123 1
8122 1
8008 1
8015 1
8001 1
8007 1
8018 1
8019 1
8020 1
8021 1
8041 1
8042 1
8044 1
8046 1
8032 1
8034 1
8039 1
8061 1
8062 1
8063 1
8054 1
7947 1
7945 1
7944 1
7941 1
7940 1
7939 1
7938 1
7966 1
7967 1
7958 1
7956 1
7983 1
7982 1
7973 1
7969 1
7991 1
7985 1
7986 1
7889 1
7890 1
7893 1
7892 1
7895 1
7900 1
7878 1
7879 1
7882 1
7885 1
7887 1
7922 1
7924 1
7929 1
7928 1
7933 1
7932 1
7907 1
7910 1
7911 1
7909 1
7914 1
7829 1
7828 1
7830 1
7824 1
7827 1
7837 1
7838 1
7814 1
7808 1
7822 1
7817 1
7860 1
7859 1
7856 1
7870 1
7847 1
7844 1
7845 1
7842 1
7855 1
7773 1
7774 1
7754 1
7759 1
7758 1
7802 1
7806 1
7807 1
7794 1
7798 1
7799 1
7796 1
7784 1
7789 1
7776 1
7709 1
7710 1
7711 1
7705 1
7701 1
7697 1
7698 1
7684 1
7742 1
7740 1
7741 1
7737 1
7729 1
7724 1
7715 1
7714 1
8801 1
8810 1
8819 1
8821 1
8831 1
8775 1
8778 1
8787 1
8786 1
8791 1
8790 1
8793 1
8743 1
8750 1
8745 1
8758 1
8753 1
8755 1
8765 1
8711 1
8707 1
8729 1
8940 1
8959 1
8944 1
8946 1
8950 1
8906 1
8905 1
8911 1
8910 1
8909 1
8899 1
8898 1
8900 1
8923 1
8920 1
8925 1
8876 1
8879 1
8872 1
8874 1
8871 1
8895 1
8884 1
8886 1
8887 1
8881 1
8882 1
8883 1
8847 1
8862 1
8856 1
8852 1
8848 1
9072 1
9083 1
9082 1
9087 1
9063 1
9071 1
9043 1
9048 1
9051 1
9026 1
9029 1
9030 1
9031 1
9032 1
9035 1
9036 1
9038 1
9015 1
9013 1
9022 1
8997 1
8993 1
9005 1
9001 1
8978 1
8989 1
8990 1
8985 1
8986 1
8964 1
8965 1
8961 1
8962 1
8963 1
8972 1
8968 1
8971 1
9210 1
9209 1
9215 1
9203 1
9200 1
9207 1
9198 1
9168 1
9174 1
9161 1
9166 1
9152 1
9154 1
9157 1
9159 1
9150 1
9145 1
9143 1
9140 1
9128 1
9126 1
9124 1
9116 1
9093 1
9095 1
9091 1
8259 1
8271 1
8266 1
8267 1
8276 1
8275 1
8286 1
8292 1
8289 1
8302 1
8297 1
8298 1
8308 1
8311 1
8203 1
8200 1
8211 1
8210 1
8214 1
8218 1
8238 1
8243 1
8249 1
8251 1
8255 1
8398 1
8396 1
8389 1
8388 1
8386 1
8415 1
8400 1
8421 1
8420 1
8440 1
8432 1
8320 1
8326 1
8325 1
8350 1
8336 1
8342 1
8360 1
8355 1
8376 1
8382 1
8368 1
8370 1
8374 1
8529 1
8542 1
8539 1
8517 1
8512 1
8514 1
8524 1
8523 1
8564 1
8574 1
8573 1
8572 1
8570 1
8557 1
8465 1
8464 1
8473 1
8479 1
8478 1
8448 1
8449 1
8453 1
8457 1
8458 1
8459 1
8463 1
8498 1
8497 1
8496 1
8502 1
8501 1
8505 1
8504 1
8509 1
8482 1
8484 1
8492 1
8654 1
8650 1
8644 1
8702 1
8700 1
8698 1
8699 1
8696 1
8692 1
8691 1
8672 1
8603 1
8605 1
8607 1
8594 1
8595 1
8596 1
8586 1
8582 1
8634 1
8635 1
8638 1
8639 1
8626 1
8627 1
8630 1
8617 1
8621 1
9773 1
9769 1
9766 1
9785 1
9743 1
9741 1
9739 1
9737 1
9735 1
9756 1
9754 1
9748 1
9746 1
9837 1
9826 1
9853 1
9840 1
9843 1
9842 1
9844 1
9802 1
9807 1
9794 1
9818 1
9817 1
9816 1
9820 1
9809 1
9814 1
9893 1
9888 1
9902 1
9897 1
9909 1
9910 1
9912 1
9863 1
9860 1
9859 1
9857 1
9887 1
9884 1
9882 1
9955 1
9954 1
9957 1
9958 1
9969 1
9971 1
9973 1
9977 1
9979 1
9923 1
9926 1
9925 1
9924 1
9931 1
9936 1
9941 1
9947 1
9950 1
9948 1
10047 1
10041 1
10040 1
10038 1
10035 1
10034 1
10033 1
10030 1
10026 1
10022 1
10017 1
10013 1
10014 1
10005 1
10001 1
10002 1
9992 1
9994 1
9995 1
9989 1
9985 1
10104 1
10111 1
10109 1
10108 1
10097 1
10094 1
10092 1
10083 1
10081 1
10085 1
10075 1
10079 1
10078 1
10064 1
10067 1
10058 1
10059 1
10060 1
10061 1
10048 1
10166 1
10164 1
10165 1
10163 1
10161 1
10174 1
10149 1
10159 1
10155 1
10154 1
10128 1
10136 1
10139 1
10117 1
10113 1
10115 1
10121 1
10123 1
10225 1
10228 1
10239 1
10237 1
10210 1
10215 1
10214 1
10217 1
10221 1
10192 1
10194 1
10198 1
10202 1
10177 1
10188 1
9226 1
9224 1
9230 1
9231 1
9220 1
9240 1
9247 1
9246 1
9245 1
9244 1
9233 1
9261 1
9251 1
9278 1
9264 1
9294 1
9292 1
9290 1
9280 1
9310 1
9317 1
9318 1
9313 1
9341 1
9343 1
9342 1
9337 1
9344 1
9351 1
9350 1
9349 1
9348 1
9363 1
9361 1
9367 1
9370 1
9385 1
9386 1
9388 1
9391 1
9396 1
9405 1
9412 1
9409 1
9423 1
9426 1
9439 1
9435 1
9446 1
9440 1
9453 1
9452 1
9455 1
9454 1
9460 1
9461 1
9458 1
9468 1
9503 1
9502 1
9489 1
9493 1
9484 1
9485 1
9472 1
9478 1
9530 1
9535 1
9532 1
9520 1
9527 1
9525 1
9514 1
9516 1
9505 1
9510 1
9511 1
9567 1
9559 1
9558 1
9552 1
9551 1
9547 1
9543 1
9537 1
9599 1
9596 1
9592 1
9588 1
9578 1
9579 1
9573 1
9569 1
9617 1
9622 1
9624 1
9625 1
9626 1
9600 1
9603 1
9607 1
9609 1
9613 1
9612 1
9615 1
9648 1
9662 1
9663 1
9660 1
9661 1
9634 1
9632 1
9639 1
9637 1
9636 1
9641 1
9685 1
9692 1
9689 1
9690 1
9669 1
9664 1
9666 1
9679 1
9678 1
9672 1
9675 1
9714 1
9715 1
9713 1
9725 1
9722 1
9703 1
9700 1
9699 1
9711 1
9709 1
9708 1
10956 1
10949 1
10941 1
10938 1
10932 1
10934 1
10935 1
10926 1
10923 1
10917 1
10913 1
10912 1
10915 1
10908 1
10904 1
10905 1
10903 1
10900 1
10894 1
10893 1
10892 1
10889 1
10885 1
10865 1
10864 1
10866 1
10873 1
10872 1
10877 1
10879 1
10851 1
10854 1
10855 1
10857 1
10862 1
10835 1
10832 1
10838 1
10836 1
10842 1
10820 1
10826 1
10825 1
10804 1
10813 1
10815 1
10810 1
10790 1
10791 1
10786 1
10796 1
10797 1
10799 1
10792 1
10795 1
10783 1
10758 1
10759 1
10756 1
10761 1
10441 1
10439 1
10435 1
10434 1
10493 1
10490 1
10491 1
10485 1
10486 1
10487 1
10480 1
10478 1
10470 1
10464 1
10394 1
10384 1
10379 1
10377 1
10376 1
10380 1
10370 1
10428 1
10417 1
10421 1
10414 1
10400 1
10320 1
10333 1
10329 1
10317 1
10353 1
10355 1
10364 1
10337 1
10344 1
10263 1
10262 1
10266 1
10271 1
10242 1
10246 1
10252 1
10272 1
10276 1
10277 1
10278 1
10279 1
10280 1
10287 1
10700 1
10692 1
10710 1
10711 1
10704 1
10735 1
10734 1
10733 1
10730 1
10728 1
10722 1
10744 1
10639 1
10650 1
10653 1
10640 1
10666 1
10670 1
10659 1
10658 1
10656 1
10663 1
10660 1
10682 1
10683 1
10680 1
10687 1
10676 1
10566 1
10567 1
10588 1
10596 1
10597 1
10603 1
10601 1
10614 1
10612 1
10611 1
10610 1
10609 1
10621 1
10498 1
10502 1
10503 1
10510 1
10513 1
10515 1
10518 1
10529 1
10533 1
10541 1
10547 1
10550 1
10548 1
10553 1
10557 1
3 2
8 2
14 2
17 2
21 2
22 2
26 2
29 2
28 2
31 2
38 2
37 2
42 2
47 2
53 2
59 2
58 2
57 2
60 2
71 2
64 2
65 2
76 2
78 2
79 2
75 2
81 2
93 2
89 2
88 2
91 2
110 2
108 2
104 2
105 2
118 2
113 2
125 2
124 2
123 2
138 2
140 2
142 2
128 2
131 2
134 2
153 2
155 2
156 2
157 2
146 2
149 2
151 2
171 2
170 2
169 2
168 2
172 2
162 2
160 2
184 2
185 2
188 2
177 2
180 2
205 2
201 2
197 2
198 2
194 2
220 2
221 2
222 2
216 2
212 2
236 2
233 2
227 2
255 2
252 2
253 2
251 2
247 2
244 2
240 2
275 2
279 2
278 2
276 2
258 2
256 2
263 2
267 2
265 2
271 2
305 2
313 2
312 2
315 2
314 2
317 2
318 2
288 2
289 2
291 2
292 2
294 2
295 2
296 2
297 2
300 2
301 2
338 2
349 2
346 2
326 2
322 2
320 2
335 2
332 2
333 2
328 2
329 2
373 2
380 2
355 2
360 2
362 2
363 2
410 2
411 2
414 2
403 2
400 2
401 2
393 2
392 2
399 2
397 2
391 2
390 2
444 2
447 2
432 2
434 2
436 2
437 2
431 2
430 2
418 2
420 2
422 2
477 2
461 2
451 2
449 2
507 2
503 2
498 2
499 2
491 2
485 2
486 2
550 2
551 2
548 2
547 2
545 2
556 2
555 2
567 2
566 2
564 2
563 2
562 2
561 2
572 2
570 2
518 2
512 2
513 2
514 2
526 2
534 2
528 2
530 2
542 2
538 2
610 2
611 2
608 2
613 2
616 2
617 2
625 2
630 2
633 2
636 2
588 2
591 2
592 2
595 2
598 2
605 2
684 2
680 2
676 2
672 2
703 2
700 2
701 2
696 2
697 2
694 2
692 2
655 2
654 2
649 2
651 2
641 2
640 2
642 2
670 2
671 2
664 2
667 2
660 2
657 2
746 2
748 2
738 2
737 2
766 2
767 2
764 2
765 2
753 2
758 2
757 2
715 2
716 2
719 2
707 2
708 2
711 2
733 2
734 2
735 2
721 2
722 2
724 2
726 2
820 2
822 2
817 2
818 2
825 2
807 2
803 2
814 2
786 2
784 2
799 2
797 2
774 2
775 2
782 2
780 2
781 2
777 2
888 2
892 2
895 2
894 2
866 2
870 2
876 2
877 2
878 2
851 2
848 2
854 2
852 2
859 2
857 2
856 2
835 2
832 2
833 2
836 2
837 2
840 2
841 2
949 2
944 2
945 2
938 2
932 2
935 2
928 2
924 2
922 2
923 2
920 2
918 2
905 2
898 2
1016 2
1022 2
1023 2
1008 2
1012 2
1013 2
1007 2
992 2
995 2
999 2
986 2
984 2
985 2
988 2
978 2
977 2
983 2
968 2
962 2
966 2
1100 2
1097 2
1088 2
1089 2
1113 2
1114 2
1110 2
1107 2
1106 2
1135 2
1131 2
1125 2
1150 2
1143 2
1142 2
1139 2
1138 2
1136 2
1035 2
1036 2
1025 2
1027 2
1028 2
1030 2
1050 2
1053 2
1052 2
1054 2
1045 2
1046 2
1066 2
1064 2
1071 2
1069 2
1058 2
1059 2
1061 2
1081 2
1080 2
1087 2
1072 2
1078 2
1217 2
1219 2
1218 2
1226 2
1232 2
1233 2
1244 2
1246 2
1247 2
1242 2
1253 2
1252 2
1263 2
1260 2
1258 2
1257 2
1270 2
1269 2
1278 2
1275 2
1160 2
1162 2
1165 2
1164 2
1167 2
1169 2
1170 2
1172 2
1173 2
1177 2
1178 2
1179 2
1180 2
1181 2
1182 2
1183 2
1186 2
1190 2
1189 2
1197 2
1202 2
1205 2
1210 2
1211 2
1369 2
1362 2
1360 2
1358 2
1359 2
1347 2
1345 2
1405 2
1403 2
1397 2
1399 2
1392 2
1380 2
1383 2
1376 2
1304 2
1311 2
1310 2
1302 2
1291 2
1283 2
1280 2
1339 2
1340 2
1342 2
1333 2
1322 2
1327 2
1314 2
1316 2
1317 2
1319 2
1494 2
1495 2
1492 2
1479 2
1476 2
1473 2
1480 2
1522 2
1530 2
1510 2
1430 2
1437 2
1411 2
1415 2
1413 2
1412 2
1418 2
1416 2
1461 2
1462 2
1464 2
1468 2
1471 2
1441 2
1445 2
1450 2
1452 2
1642 2
1644 2
1635 2
1632 2
1636 2
1656 2
1661 2
1651 2
1653 2
1611 2
1612 2
1615 2
1601 2
1603 2
1624 2
1631 2
1630 2
1616 2
1623 2
1622 2
1574 2
1570 2
1568 2
1598 2
1596 2
1595 2
1594 2
1590 2
1587 2
1584 2
1550 2
1541 2
1537 2
1566 2
1553 2
1555 2
1554 2
1763 2
1761 2
1760 2
1765 2
1764 2
1768 2
1775 2
1773 2
1778 2
1729 2
1728 2
1731 2
1735 2
1734 2
1737 2
1736 2
1739 2
1745 2
1746 2
1752 2
1757 2
1703 2
1700 2
1699 2
1698 2
1697 2
1711 2
1709 2
1708 2
1707 2
1705 2
1716 2
1717 2
1727 2
1721 2
1668 2
1665 2
1664 2
1676 2
1684 2
1680 2
1682 2
1683 2
1688 2
1913 2
1914 2
1918 2
1905 2
1907 2
1909 2
1897 2
1899 2
1889 2
1892 2
1895 2
1887 2
1886 2
1875 2
1879 2
1866 2
1867 2
1868 2
1869 2
1857 2
1862 2
1860 2
1852 2
1855 2
1849 2
1850 2
1847 2
1816 2
1811 2
1808 2
1804 2
1801 2
1799 2
1795 2
2034 2
2035 2
2041 2
2043 2
2047 2
2020 2
2024 2
2029 2
2030 2
2000 2
2014 2
1985 2
1993 2
1974 2
1969 2
1983 2
1976 2
1979 2
1955 2
1966 2
1940 2
1937 2
1950 2
1947 2
1927 2
1924 2
1921 2
1933 2
2203 2
2195 2
2197 2
2184 2
2186 2
2188 2
2179 2
2178 2
2232 2
2233 2
2239 2
2237 2
2226 2
2224 2
2225 2
2231 2
2228 2
2223 2
2222 2
2209 2
2271 2
2264 2
2262 2
2256 2
2258 2
2255 2
2245 2
2240 2
2302 2
2303 2
2298 2
2299 2
2296 2
2294 2
2295 2
2293 2
2286 2
2285 2
2283 2
2071 2
2072 2
2079 2
2052 2
2061 2
2099 2
2097 2
2100 2
2106 2
2104 2
2108 2
2082 2
2087 2
2094 2
2095 2
2093 2
2135 2
2134 2
2141 2
2140 2
2143 2
2139 2
2119 2
2114 2
2115 2
2120 2
2162 2
2175 2
2172 2
2170 2
2169 2
2150 2
2151 2
2148 2
2145 2
2156 2
2154 2
2155 2
2445 2
2434 2
2432 2
2459 2
2456 2
2462 2
2460 2
2461 2
2451 2
2448 2
2455 2
2473 2
2472 2
2476 2
2478 2
2466 2
2468 2
2471 2
2470 2
2488 2
2489 2
2491 2
2492 2
2493 2
2483 2
2508 2
2506 2
2501 2
2499 2
2497 2
2496 2
2526 2
2525 2
2522 2
2523 2
2542 2
2537 2
2538 2
2533 2
2534 2
2531 2
2556 2
2557 2
2548 2
2549 2
2551 2
2545 2
2546 2
2307 2
2308 2
2314 2
2315 2
2312 2
2323 2
2322 2
2321 2
2320 2
2327 2
2326 2
2325 2
2324 2
2329 2
2328 2
2336 2
2337 2
2344 2
2345 2
2347 2
2349 2
2351 2
2354 2
2362 2
2367 2
2370 2
2368 2
2382 2
2383 2
2380 2
2378 2
2379 2
2377 2
2390 2
2385 2
2398 2
2397 2
2393 2
2405 2
2400 2
2402 2
2409 2
2431 2
2430 2
2425 2
2746 2
2740 2
2738 2
2739 2
2734 2
2733 2
2731 2
2727 2
2721 2
2717 2
2712 2
2711 2
2704 2
2703 2
2697 2
2693 2
2695 2
2808 2
2809 2
2812 2
2800 2
2807 2
2795 2
2794 2
2798 2
2778 2
2782 2
2769 2
2770 2
2772 2
2775 2
2763 2
2762 2
2765 2
2767 2
2752 2
2615 2
2614 2
2609 2
2620 2
2618 2
2598 2
2605 2
2603 2
2600 2
2583 2
2577 2
2576 2
2578 2
2591 2
2560 2
2563 2
2574 2
2571 2
2687 2
2657 2
2662 2
2663 2
2660 2
2643 2
2645 2
2644 2
2648 2
2653 2
2655 2
2654 2
2624 2
2626 2
2631 2
2632 2
2634 2
2639 2
2990 2
2984 2
2987 2
2980 2
2976 2
2978 2
3003 2
2956 2
2950 2
2949 2
2948 2
2947 2
2946 2
2945 2
2974 2
2972 2
2970 2
2966 2
2963 2
3048 2
3050 2
3053 2
3046 2
3066 2
3059 2
3062 2
3063 2
3017 2
3015 2
3038 2
3039 2
3024 2
3031 2
3028 2
3029 2
2853 2
2851 2
2860 2
2870 2
2867 2
2877 2
2873 2
2875 2
2821 2
2817 2
2830 2
2828 2
2826 2
2832 2
2842 2
2841 2
2840 2
2912 2
2913 2
2914 2
2927 2
2930 2
2939 2
2883 2
2880 2
2886 2
2887 2
2888 2
2889 2
2900 2
2905 2
2904 2
2911 2
3284 2
3286 2
3287 2
3280 2
3283 2
3273 2
3316 2
3317 2
3312 2
3313 2
3323 2
3320 2
3302 2
3301 2
3310 2
3306 2
3219 2
3222 2
3227 2
3201 2
3203 2
3204 2
3250 2
3251 2
3249 2
3258 2
3256 2
3233 2
3237 2
3240 2
3162 2
3156 2
3159 2
3158 2
3149 2
3150 2
3145 2
3147 2
3141 2
3142 2
3193 2
3190 2
3181 2
3175 2
3172 2
3168 2
3097 2
3096 2
3098 2
3090 2
3092 2
3080 2
3083 2
3086 2
3087 2
3073 2
3078 2
3079 2
3130 2
3135 2
3123 2
3115 2
3113 2
3119 2
3104 2
3108 2
3522 2
3535 2
3531 2
3540 2
3539 2
3547 2
3545 2
3557 2
3558 2
3575 2
3569 2
3571 2
3582 2
3583 2
3576 2
3578 2
3457 2
3462 2
3460 2
3466 2
3470 2
3479 2
3476 2
3486 2
3484 2
3489 2
3491 2
3495 2
3496 2
3500 2
3505 2
3507 2
3512 2
3513 2
3514 2
3516 2
3401 2
3398 2
3394 2
3423 2
3421 2
3420 2
3419 2
3418 2
3411 2
3409 2
3437 2
3438 2
3439 2
3434 2
3424 2
3453 2
3455 2
3449 2
3448 2
3443 2
3338 2
3342 2
3343 2
3340 2
3331 2
3334 2
3335 2
3332 2
3354 2
3352 2
3359 2
3357 2
3344 2
3349 2
3373 2
3374 2
3375 2
3361 2
3363 2
3367 2
3387 2
3389 2
3388 2
3391 2
3381 2
3380 2
3383 2
3382 2
3826 2
3825 2
3831 2
3829 2
3837 2
3810 2
3809 2
3808 2
3815 2
3814 2
3813 2
3819 2
3818 2
3816 2
3823 2
3797 2
3798 2
3799 2
3802 2
3805 2
3806 2
3776 2
3778 2
3781 2
3782 2
3784 2
3786 2
3790 2
3767 2
3760 2
3770 2
3751 2
3744 2
3755 2
3753 2
3735 2
3728 2
3742 2
3743 2
3739 2
3716 2
3719 2
3713 2
3714 2
3724 2
3727 2
3726 2
3723 2
3706 2
3708 2
3699 2
3698 2
3696 2
3702 2
3701 2
3690 2
3691 2
3694 2
3695 2
3692 2
3682 2
3686 2
3673 2
3675 2
3677 2
3664 2
3669 2
3668 2
3659 2
3649 2
3655 2
3646 2
3642 2
3632 2
3624 2
3622 2
3618 2
3617 2
3614 2
3607 2
3601 2
3603 2
3592 2
3584 2
4064 2
4068 2
4073 2
4074 2
4077 2
4076 2
4078 2
4094 2
4032 2
4040 2
4052 2
4056 2
4062 2
4063 2
4061 2
4007 2
4001 2
4002 2
4012 2
4028 2
4026 2
4027 2
3975 2
3969 2
3982 2
3977 2
3976 2
3989 2
3984 2
3995 2
3949 2
3950 2
3939 2
3961 2
3963 2
3962 2
3965 2
3967 2
3966 2
3952 2
3957 2
3958 2
3907 2
3904 2
3905 2
3931 2
3930 2
3929 2
3933 2
3921 2
3927 2
3887 2
3881 2
3882 2
3876 2
3877 2
3879 2
3874 2
3897 2
3889 2
3888 2
3854 2
3843 2
3840 2
3867 2
3863 2
3861 2
3856 2
4400 2
4403 2
4404 2
4411 2
4415 2
4384 2
4389 2
4393 2
4396 2
4369 2
4374 2
4378 2
4376 2
4383 2
4359 2
4358 2
4367 2
4365 2
4364 2
4471 2
4464 2
4479 2
4475 2
4453 2
4455 2
4448 2
4461 2
4459 2
4458 2
4434 2
4447 2
4422 2
4421 2
4420 2
4430 2
4426 2
4424 2
4538 2
4541 2
4529 2
4531 2
4535 2
4523 2
4524 2
4514 2
4516 2
4511 2
4490 2
4494 2
4486 2
4596 2
4593 2
4595 2
4585 2
4587 2
4580 2
4581 2
4575 2
4571 2
4569 2
4567 2
4566 2
4561 2
4555 2
4553 2
4550 2
4548 2
4544 2
4128 2
4134 2
4142 2
4140 2
4144 2
4148 2
4154 2
4152 2
4096 2
4099 2
4101 2
4100 2
4103 2
4102 2
4107 2
4110 2
4115 2
4117 2
4119 2
4120 2
4121 2
4124 2
4198 2
4196 2
4207 2
4200 2
4208 2
4209 2
4216 2
4217 2
4160 2
4169 2
4168 2
4182 2
4178 2
4188 2
4186 2
4187 2
4268 2
4259 2
4256 2
4257 2
4263 2
4276 2
4235 2
4236 2
4237 2
4224 2
4255 2
4243 2
4242 2
4245 2
4325 2
4323 2
4321 2
4351 2
4348 2
4347 2
4344 2
4339 2
4338 2
4303 2
4298 2
4293 2
4294 2
4289 2
4290 2
4291 2
4316 2
4319 2
4310 2
4306 2
4886 2
4887 2
4882 2
4883 2
4892 2
4889 2
4868 2
4867 2
4873 2
4917 2
4914 2
4925 2
4921 2
4923 2
4901 2
4903 2
4899 2
4908 2
4911 2
4905 2
4904 2
4947 2
4948 2
4949 2
4954 2
4931 2
4932 2
4937 2
4941 2
4976 2
4977 2
4978 2
4980 2
4981 2
4982 2
4983 2
4984 2
4985 2
4963 2
4967 2
4968 2
4971 2
4972 2
4974 2
5018 2
5012 2
5009 2
5007 2
5005 2
4994 2
4993 2
5053 2
5055 2
5048 2
5035 2
5028 2
5024 2
5027 2
5082 2
5081 2
5087 2
5078 2
5070 2
5071 2
5068 2
5069 2
5059 2
5061 2
5112 2
5114 2
5119 2
5107 2
5109 2
5108 2
5111 2
5110 2
5098 2
5100 2
5088 2
5090 2
5092 2
5093 2
5095 2
4614 2
4620 2
4618 2
4632 2
4635 2
4647 2
4644 2
4643 2
4654 2
4650 2
4648 2
4663 2
4658 2
4668 2
4673 2
4672 2
4676 2
4683 2
4685 2
4687 2
4689 2
4690 2
4692 2
4693 2
4694 2
4698 2
4699 2
4700 2
4702 2
4707 2
4709 2
4712 2
4719 2
4717 2
4716 2
4721 2
4731 2
4729 2
4750 2
4739 2
4760 2
4763 2
4757 2
4758 2
4755 2
4754 2
4783 2
4777 2
4772 2
4773 2
4789 2
4784 2
4811 2
4814 2
4800 2
4803 2
4806 2
4825 2
4829 2
4831 2
4817 2
4822 2
4842 2
4841 2
4847 2
4845 2
4838 2
4839 2
4859 2
4857 2
5497 2
5499 2
5492 2
5495 2
5484 2
5483 2
5482 2
5476 2
5478 2
5474 2
5470 2
5471 2
5469 2
5465 2
5462 2
5459 2
5456 2
5451 2
5442 2
5436 2
5426 2
5427 2
5429 2
5416 2
5419 2
5420 2
5411 2
5415 2
5395 2
5393 2
5399 2
5396 2
5383 2
5381 2
5619 2
5629 2
5628 2
5624 2
5606 2
5600 2
5602 2
5596 2
5595 2
5594 2
5568 2
5569 2
5582 2
5581 2
5578 2
5579 2
5554 2
5559 2
5561 2
5560 2
5563 2
5564 2
5566 2
5539 2
5540 2
5541 2
5542 2
5545 2
5547 2
5550 2
5523 2
5520 2
5527 2
5526 2
5535 2
5532 2
5506 2
5510 2
5518 2
5517 2
5228 2
5226 2
5225 2
5216 2
5246 2
5244 2
5243 2
5241 2
5236 2
5232 2
5197 2
5199 2
5198 2
5195 2
5190 2
5208 2
5209 2
5210 2
5205 2
5206 2
5161 2
5159 2
5156 2
5182 2
5183 2
5181 2
5172 2
5173 2
5129 2
5133 2
5132 2
5123 2
5144 2
5145 2
5147 2
5148 2
5149 2
5151 2
5143 2
5348 2
5344 2
5345 2
5366 2
5363 2
5373 2
5372 2
5370 2
5316 2
5313 2
5325 2
5320 2
5323 2
5340 2
5343 2
5342 2
5336 2
5292 2
5299 2
5303 2
5302 2
5300 2
5307 2
5311 2
5308 2
5249 2
5250 2
5255 2
5262 2
5267 2
5266 2
5270 2
5273 2
5983 2
5981 2
5971 2
5972 2
5973 2
5960 2
5965 2
5964 2
5954 2
5953 2
5958 2
6013 2
5996 2
5988 2
5917 2
5914 2
5908 2
5906 2
5904 2
5905 2
5892 2
5888 2
5950 2
5945 2
5946 2
5937 2
5938 2
5934 2
5927 2
5920 2
6096 2
6100 2
6111 2
6109 2
6087 2
6094 2
6129 2
6130 2
6132 2
6136 2
6112 2
6114 2
6117 2
6121 2
6125 2
6038 2
6037 2
6035 2
6046 2
6026 2
6024 2
6025 2
6068 2
6071 2
6064 2
6067 2
6073 2
6075 2
6074 2
6053 2
6055 2
6050 2
6051 2
6060 2
6057 2
5704 2
5707 2
5709 2
5708 2
5697 2
5700 2
5720 2
5723 2
5727 2
5736 2
5743 2
5742 2
5730 2
5733 2
5732 2
5752 2
5745 2
5642 2
5637 2
5639 2
5638 2
5632 2
5635 2
5653 2
5676 2
5674 2
5672 2
5670 2
5665 2
5691 2
5688 2
5689 2
5687 2
5683 2
5681 2
5824 2
5825 2
5826 2
5827 2
5830 2
5832 2
5834 2
5839 2
5840 2
5845 2
5847 2
5850 2
5855 2
5859 2
5857 2
5870 2
5871 2
5868 2
5875 2
5873 2
5879 2
5878 2
5883 2
5880 2
5886 2
5885 2
5884 2
5764 2
5766 2
5763 2
5781 2
5783 2
5777 2
5778 2
5788 2
5784 2
5786 2
5806 2
5802 2
5803 2
5801 2
5814 2
5811 2
5808 2
5821 2
5818 2
5816 2
6571 2
6574 2
6575 2
6562 2
6564 2
6566 2
6586 2
6589 2
6591 2
6576 2
6579 2
6578 2
6581 2
6580 2
6531 2
6534 2
6532 2
6553 2
6558 2
6546 2
6545 2
6551 2
6549 2
6548 2
6637 2
6638 2
6639 2
6634 2
6626 2
6654 2
6650 2
6644 2
6642 2
6607 2
6604 2
6605 2
6602 2
6599 2
6593 2
6623 2
6621 2
6620 2
6619 2
6617 2
6616 2
6612 2
6438 2
6445 2
6444 2
6455 2
6456 2
6457 2
6459 2
6461 2
6407 2
6404 2
6410 2
6413 2
6422 2
6430 2
6429 2
6500 2
6497 2
6511 2
6505 2
6504 2
6507 2
6514 2
6524 2
6527 2
6469 2
6479 2
6477 2
6476 2
6474 2
6482 2
6489 2
6329 2
6335 2
6332 2
6316 2
6317 2
6305 2
6309 2
6299 2
6303 2
6302 2
6293 2
6292 2
6281 2
6283 2
6274 2
6275 2
6279 2
6396 2
6395 2
6390 2
6389 2
6388 2
6380 2
6378 2
6374 2
6372 2
6371 2
6368 2
6369 2
6364 2
6367 2
6366 2
6361 2
6357 2
6352 2
6348 2
6349 2
6350 2
6344 2
6194 2
6192 2
6199 2
6197 2
6203 2
6200 2
6201 2
6207 2
6205 2
6177 2
6190 2
6161 2
6163 2
6172 2
6145 2
6152 2
6159 2
6158 2
6256 2
6257 2
6270 2
6268 2
6266 2
6246 2
6243 2
6240 2
6229 2
6236 2
6237 2
6238 2
6239 2
6213 2
6208 2
6210 2
7054 2
7052 2
7040 2
7041 2
7066 2
7065 2
7063 2
7058 2
7080 2
7076 2
7078 2
7079 2
7073 2
7075 2
7101 2
7093 2
7095 2
7094 2
7090 2
7114 2
7115 2
7111 2
7108 2
7131 2
7135 2
7133 2
7122 2
7121 2
7120 2
7126 2
7124 2
7145 2
7147 2
7150 2
7138 2
7141 2
7142 2
7143 2
7165 2
7157 2
7156 2
6919 2
6926 2
6921 2
6920 2
6934 2
6930 2
6928 2
6942 2
6943 2
6937 2
6947 2
6959 2
6952 2
6955 2
6964 2
6967 2
6962 2
6963 2
6973 2
6987 2
6985 2
6990 2
6995 2
6993 2
7002 2
7004 2
7011 2
7015 2
7014 2
7016 2
7020 2
7022 2
7031 2
7032 2
7034 2
7036 2
7038 2
6813 2
6815 2
6808 2
6807 2
6806 2
6800 2
6803 2
6799 2
6792 2
6795 2
6789 2
6791 2
6785 2
6786 2
6787 2
6847 2
6844 2
6838 2
6837 2
6835 2
6832 2
6831 2
6826 2
6824 2
6825 2
6823 2
6873 2
6877 2
6878 2
6864 2
6866 2
6871 2
6856 2
6850 2
6853 2
6855 2
6907 2
6904 2
6911 2
6910 2
6900 2
6891 2
6888 2
6677 2
6678 2
6675 2
6682 2
6683 2
6657 2
6656 2
6668 2
6670 2
6705 2
6716 2
6702 2
6701 2
6736 2
6738 2
6742 2
6744 2
6747 2
6750 2
6723 2
6724 2
6726 2
6729 2
6734 2
6770 2
6769 2
6773 2
6778 2
6776 2
6782 2
6780 2
6755 2
6763 2
6760 2
6767 2
7655 2
7648 2
7662 2
7659 2
7668 2
7671 2
7667 2
7673 2
7672 2
7674 2
7620 2
7621 2
7617 2
7629 2
7627 2
7634 2
7633 2
7647 2
7646 2
7590 2
7594 2
7596 2
7597 2
7598 2
7599 2
7601 2
7605 2
7606 2
7613 2
7612 2
7615 2
7614 2
7555 2
7559 2
7556 2
7557 2
7560 2
7570 2
7569 2
7568 2
7574 2
7573 2
7579 2
7576 2
7580 2
7532 2
7535 2
7521 2
7548 2
7544 2
7546 2
7542 2
7538 2
7503 2
7497 2
7493 2
7492 2
7491 2
7514 2
7512 2
7511 2
7506 2
7505 2
7465 2
7469 2
7461 2
7463 2
7483 2
7487 2
7473 2
7474 2
7477 2
7435 2
7434 2
7433 2
7438 2
7426 2
7431 2
7428 2
7450 2
7455 2
7444 2
7413 2
7408 2
7420 2
7418 2
7417 2
7416 2
7398 2
7399 2
7395 2
7405 2
7402 2
7380 2
7382 2
7384 2
7387 2
7364 2
7367 2
7374 2
7375 2
7369 2
7370 2
7346 2
7345 2
7351 2
7331 2
7328 2
7338 2
7343 2
7341 2
7313 2
7317 2
7318 2
7321 2
7323 2
7325 2
7324 2
7327 2
7296 2
7298 2
7299 2
7307 2
7309 2
7311 2
7294 2
7282 2
7280 2
7281 2
7276 2
7272 2
7270 2
7269 2
7268 2
7266 2
7264 2
7261 2
7256 2
7258 2
7248 2
7250 2
7246 2
7239 2
7233 2
7226 2
7227 2
7231 2
7216 2
7220 2
7221 2
7211 2
7210 2
7208 2
7203 2
7200 2
7207 2
7205 2
7194 2
7199 2
7186 2
7189 2
7177 2
7173 2
7174 2
8139 2
8136 2
8140 2
8147 2
8146 2
8145 2
8150 2
8149 2
8153 2
8156 2
8160 2
8161 2
8166 2
8172 2
8173 2
8175 2
8179 2
8180 2
8183 2
8191 2
8071 2
8066 2
8067 2
8064 2
8078 2
8079 2
8076 2
8074 2
8084 2
8081 2
8080 2
8094 2
8092 2
8103 2
8096 2
8104 2
8119 2
8011 2
8014 2
8003 2
8000 2
8005 2
8026 2
8027 2
8030 2
8031 2
8029 2
8017 2
8022 2
8040 2
8045 2
8047 2
8036 2
8056 2
8060 2
8052 2
7948 2
7943 2
7937 2
7965 2
7962 2
7955 2
7953 2
7979 2
7972 2
7974 2
7971 2
7970 2
7992 2
7994 2
7995 2
7988 2
7989 2
7990 2
7984 2
7987 2
7891 2
7897 2
7899 2
7898 2
7873 2
7875 2
7880 2
7883 2
7884 2
7923 2
7920 2
7926 2
7930 2
7935 2
7904 2
7905 2
7912 2
7919 2
7917 2
7831 2
7836 2
7839 2
7835 2
7834 2
7815 2
7811 2
7820 2
7821 2
7823 2
7863 2
7858 2
7857 2
7871 2
7869 2
7868 2
7867 2
7846 2
7843 2
7841 2
7852 2
7848 2
7849 2
7770 2
7761 2
7762 2
7765 2
7755 2
7756 2
7745 2
7744 2
7749 2
7803 2
7800 2
7801 2
7804 2
7795 2
7787 2
7790 2
7788 2
7779 2
7777 2
7783 2
7782 2
7780 2
7708 2
7707 2
7700 2
7699 2
7690 2
7685 2
7687 2
7681 2
7743 2
7738 2
7739 2
7733 2
7728 2
7723 2
7717 2
7716 2
7712 2
8807 2
8808 2
8817 2
8824 2
8827 2
8829 2
8828 2
8770 2
8771 2
8774 2
8784 2
8795 2
8792 2
8798 2
8736 2
8737 2
8738 2
8739 2
8749 2
8751 2
8744 2
8746 2
8747 2
8757 2
8756 2
8764 2
8717 2
8725 2
8724 2
8723 2
8721 2
8720 2
8733 2
8730 2
8936 2
8941 2
8931 2
8933 2
8932 2
8934 2
8952 2
8953 2
8955 2
8956 2
8958 2
8945 2
8947 2
8949 2
8907 2
8904 2
8897 2
8896 2
8902 2
8901 2
8914 2
8918 2
8919 2
8873 2
8865 2
8864 2
8892 2
8893 2
8894 2
8889 2
8880 2
8842 2
8840 2
8839 2
8858 2
8857 2
8851 2
8849 2
9077 2
9086 2
9059 2
9057 2
9066 2
9064 2
9065 2
9044 2
9049 2
9050 2
9053 2
9055 2
9054 2
9024 2
9028 2
9037 2
9039 2
9023 2
9019 2
9017 2
8994 2
8995 2
8992 2
9007 2
9000 2
8982 2
8976 2
8979 2
8988 2
8974 2
8969 2
9211 2
9214 2
9194 2
9193 2
9199 2
9187 2
9186 2
9191 2
9189 2
9176 2
9178 2
9180 2
9183 2
9169 2
9171 2
9163 2
9165 2
9164 2
9149 2
9146 2
9147 2
9138 2
9139 2
9135 2
9134 2
9125 2
9117 2
9118 2
9119 2
9115 2
9110 2
9106 2
9101 2
9098 2
8263 2
8261 2
8258 2
8265 2
8274 2
8273 2
8272 2
8284 2
8293 2
8288 2
8301 2
8304 2
8319 2
8318 2
8313 2
8314 2
8194 2
8195 2
8198 2
8199 2
8201 2
8205 2
8208 2
8213 2
8216 2
8223 2
8221 2
8220 2
8225 2
8229 2
8232 2
8235 2
8242 2
8245 2
8247 2
8246 2
8399 2
8397 2
8393 2
8387 2
8385 2
8410 2
8411 2
8408 2
8409 2
8404 2
8405 2
8403 2
8429 2
8428 2
8431 2
8430 2
8425 2
8424 2
8417 2
8444 2
8445 2
8446 2
8447 2
8441 2
8436 2
8438 2
8433 2
8434 2
8331 2
8328 2
8335 2
8323 2
8321 2
8346 2
8351 2
8349 2
8338 2
8337 2
8343 2
8363 2
8362 2
8357 2
8356 2
8359 2
8358 2
8377 2
8379 2
8380 2
8372 2
8533 2
8528 2
8540 2
8543 2
8538 2
8519 2
8513 2
8527 2
8521 2
8567 2
8550 2
8551 2
8549 2
8546 2
8544 2
8558 2
8554 2
8467 2
8466 2
8474 2
8477 2
8476 2
8450 2
8454 2
8455 2
8456 2
8499 2
8503 2
8500 2
8490 2
8491 2
8489 2
8494 2
8666 2
8663 2
8658 2
8659 2
8652 2
8655 2
8645 2
8646 2
8641 2
8701 2
8697 2
8695 2
8693 2
8688 2
8687 2
8685 2
8683 2
8681 2
8679 2
8677 2
8676 2
8674 2
8673 2
8600 2
8606 2
8592 2
8591 2
8576 2
8580 2
8632 2
8633 2
8637 2
8619 2
8618 2
8616 2
8620 2
8611 2
8610 2
8609 2
8615 2
8614 2
9772 2
9774 2
9775 2
9768 2
9787 2
9780 2
9782 2
9742 2
9740 2
9733 2
9728 2
9729 2
9758 2
9757 2
9755 2
9749 2
9747 2
9745 2
9833 2
9839 2
9827 2
9848 2
9850 2
9841 2
9800 2
9801 2
9806 2
9804 2
9795 2
9798 2
9796 2
9797 2
9823 2
9821 2
9810 2
9808 2
9815 2
9813 2
9891 2
9908 2
9904 2
9905 2
9919 2
9913 2
9914 2
9915 2
9862 2
9871 2
9870 2
9869 2
9868 2
9867 2
9865 2
9879 2
9877 2
9874 2
9875 2
9880 2
9953 2
9952 2
9961 2
9960 2
9963 2
9962 2
9964 2
9967 2
9968 2
9975 2
9980 2
9981 2
9922 2
9920 2
9929 2
9928 2
9934 2
9938 2
9943 2
9940 2
9944 2
10044 2
10042 2
10039 2
10031 2
10028 2
10029 2
10021 2
10018 2
10019 2
10012 2
10015 2
10009 2
10011 2
10010 2
10004 2
10007 2
10003 2
9996 2
9998 2
9993 2
9990 2
9991 2
10107 2
10110 2
10099 2
10102 2
10101 2
10100 2
10090 2
10086 2
10084 2
10072 2
10068 2
10071 2
10070 2
10062 2
10063 2
10051 2
10054 2
10160 2
10169 2
10151 2
10150 2
10145 2
10158 2
10133 2
10131 2
10119 2
10118 2
10112 2
10114 2
10125 2
10124 2
10120 2
10226 2
10230 2
10231 2
10229 2
10232 2
10209 2
10208 2
10222 2
10197 2
10200 2
10201 2
10203 2
10205 2
10206 2
10176 2
10179 2
10178 2
10181 2
10183 2
10182 2
10185 2
10187 2
10186 2
10190 2
9225 2
9219 2
9216 2
9217 2
9222 2
9242 2
9232 2
9237 2
9256 2
9249 2
9250 2
9252 2
9253 2
9279 2
9265 2
9266 2
9271 2
9270 2
9295 2
9288 2
9289 2
9285 2
9282 2
9283 2
9281 2
9308 2
9305 2
9303 2
9299 2
9297 2
9326 2
9327 2
9314 2
9315 2
9336 2
9338 2
9335 2
9329 2
9330 2
9347 2
9355 2
9354 2
9352 2
9359 2
9357 2
9356 2
9362 2
9360 2
9365 2
9371 2
9368 2
9372 2
9376 2
9378 2
9381 2
9380 2
9390 2
9392 2
9394 2
9397 2
9415 2
9411 2
9410 2
9421 2
9420 2
9416 2
9425 2
9432 2
9433 2
9445 2
9447 2
9441 2
9442 2
9448 2
9450 2
9462 2
9463 2
9456 2
9457 2
9471 2
9465 2
9499 2
9498 2
9501 2
9500 2
9492 2
9476 2
9477 2
9529 2
9533 2
9517 2
9506 2
9507 2
9504 2
9508 2
9509 2
9565 2
9564 2
9566 2
9561 2
9562 2
9556 2
9553 2
9549 2
9550 2
9544 2
9546 2
9540 2
9539 2
9598 2
9595 2
9593 2
9589 2
9576 2
9571 2
9628 2
9630 2
9602 2
9605 2
9604 2
9650 2
9649 2
9655 2
9656 2
9657 2
9642 2
9646 2
9645 2
9644 2
9684 2
9686 2
9687 2
9683 2
9691 2
9665 2
9667 2
9677 2
9712 2
9710 2
9705 2
10954 2
10953 2
10958 2
10957 2
10945 2
10944 2
10950 2
10948 2
10937 2
10928 2
10931 2
10925 2
10927 2
10920 2
10922 2
10916 2
10919 2
10911 2
10907 2
10898 2
10899 2
10897 2
10887 2
10881 2
10880 2
10868 2
10871 2
10875 2
10874 2
10848 2
10850 2
10858 2
10860 2
10833 2
10843 2
10840 2
10846 2
10845 2
10818 2
10816 2
10817 2
10822 2
10821 2
10830 2
10829 2
10814 2
10808 2
10811 2
10794 2
10775 2
10772 2
10770 2
10769 2
10781 2
10780 2
10779 2
10778 2
10752 2
10753 2
10767 2
10764 2
10762 2
10463 2
10460 2
10458 2
10459 2
10457 2
10455 2
10450 2
10449 2
10447 2
10445 2
10444 2
10438 2
10436 2
10432 2
10494 2
10495 2
10488 2
10481 2
10477 2
10479 2
10473 2
10474 2
10468 2
10467 2
10395 2
10396 2
10397 2
10386 2
10387 2
10391 2
10378 2
10369 2
10368 2
10375 2
10374 2
10372 2
10427 2
10429 2
10430 2
10431 2
10416 2
10420 2
10411 2
10412 2
10402 2
10405 2
10326 2
10321 2
10335 2
10334 2
10332 2
10331 2
10330 2
10311 2
10309 2
10315 2
10357 2
10359 2
10358 2
10352 2
10365 2
10360 2
10340 2
10338 2
10345 2
10346 2
10347 2
10257 2
10256 2
10261 2
10267 2
10264 2
10270 2
10269 2
10268 2
10243 2
10240 2
10244 2
10255 2
10253 2
10289 2
10293 2
10292 2
10299 2
10302 2
10273 2
10275 2
10281 2
10702 2
10712 2
10706 2
10732 2
10731 2
10729 2
10727 2
10751 2
10748 2
10746 2
10747 2
10745 2
10740 2
10741 2
10738 2
10736 2
10636 2
10625 2
10626 2
10649 2
10654 2
10655 2
10641 2
10665 2
10669 2
10668 2
10657 2
10679 2
10677 2
10565 2
10561 2
10573 2
10569 2
10570 2
10571 2
10580 2
10582 2
10579 2
10578 2
10587 2
10598 2
10594 2
10592 2
10605 2
10602 2
10615 2
10618 2
10617 2
10616 2
10497 2
10505 2
10509 2
10511 2
10512 2
10517 2
10519 2
10521 2
10520 2
10523 2
10522 2
10527 2
10528 2
10534 2
10532 2
10542 2
10545 2
10558 2
10556 2
0 3
6 3
12 3
34 3
32 3
49 3
63 3
90 3
96 3
109 3
167 3
190 3
178 3
176 3
206 3
195 3
218 3
214 3
210 3
239 3
231 3
226 3
254 3
250 3
248 3
303 3
340 3
372 3
381 3
354 3
365 3
367 3
415 3
402 3
404 3
387 3
389 3
388 3
426 3
478 3
468 3
455 3
509 3
504 3
487 3
549 3
546 3
521 3
522 3
540 3
614 3
622 3
637 3
578 3
593 3
678 3
677 3
673 3
646 3
747 3
762 3
710 3
816 3
815 3
796 3
795 3
792 3
772 3
770 3
776 3
881 3
885 3
884 3
860 3
955 3
948 3
950 3
946 3
927 3
899 3
1017 3
1000 3
1002 3
970 3
1115 3
1126 3
1137 3
1048 3
1070 3
1083 3
1084 3
1074 3
1221 3
1225 3
1234 3
1235 3
1259 3
1267 3
1265 3
1159 3
1174 3
1176 3
1191 3
1195 3
1194 3
1192 3
1214 3
1212 3
1373 3
1356 3
1354 3
1349 3
1402 3
1390 3
1298 3
1289 3
1294 3
1281 3
1341 3
1331 3
1325 3
1318 3
1488 3
1502 3
1475 3
1474 3
1484 3
1509 3
1429 3
1432 3
1438 3
1439 3
1456 3
1457 3
1458 3
1466 3
1444 3
1614 3
1602 3
1606 3
1620 3
1581 3
1578 3
1588 3
1543 3
1766 3
1774 3
1791 3
1738 3
1759 3
1715 3
1671 3
1690 3
1898 3
1890 3
1876 3
1863 3
1844 3
1828 3
1829 3
1819 3
2032 3
2039 3
2028 3
2031 3
2006 3
1989 3
1978 3
1958 3
1946 3
1944 3
1934 3
2204 3
2194 3
2180 3
2183 3
2219 3
2220 3
2213 3
2212 3
2297 3
2280 3
2275 3
2273 3
2272 3
2068 3
2070 3
2078 3
2111 3
2084 3
2089 3
2112 3
2124 3
2153 3
2442 3
2454 3
2479 3
2465 3
2495 3
2480 3
2510 3
2498 3
2521 3
2518 3
2516 3
2540 3
2539 3
2552 3
2544 3
2313 3
2331 3
2330 3
2346 3
2348 3
2355 3
2357 3
2359 3
2365 3
2376 3
2387 3
2395 3
2401 3
2423 3
2424 3
2427 3
2737 3
2724 3
2708 3
2706 3
2811 3
2804 3
2786 3
2784 3
2788 3
2776 3
2783 3
2610 3
2575 3
2568 3
2681 3
2659 3
2666 3
2669 3
2630 3
2967 3
3047 3
3057 3
3060 3
3020 3
2865 3
2822 3
2829 3
2837 3
2916 3
2918 3
2926 3
2942 3
2898 3
2903 3
2907 3
3269 3
3325 3
3322 3
3300 3
3221 3
3202 3
3207 3
3212 3
3215 3
3253 3
3259 3
3232 3
3164 3
3166 3
3160 3
3153 3
3155 3
3195 3
3189 3
3188 3
3182 3
3174 3
3095 3
3082 3
3072 3
3075 3
3077 3
3128 3
3122 3
3120 3
3110 3
3109 3
3532 3
3538 3
3536 3
3551 3
3564 3
3567 3
3561 3
3562 3
3574 3
3568 3
3570 3
3459 3
3458 3
3471 3
3480 3
3490 3
3515 3
3407 3
3393 3
3416 3
3414 3
3432 3
3431 3
3454 3
3346 3
3350 3
3369 3
3371 3
3364 3
3811 3
3822 3
3795 3
3803 3
3775 3
3754 3
3729 3
3730 3
3741 3
3736 3
3715 3
3711 3
3689 3
3660 3
3661 3
3662 3
3627 3
3608 3
3610 3
3606 3
3589 3
4071 3
4083 3
4084 3
4035 3
4033 3
4036 3
4046 3
4050 3
4051 3
4057 3
4003 3
4010 3
4029 3
4024 3
4025 3
3974 3
3983 3
3980 3
3991 3
3988 3
3987 3
3998 3
3999 3
3938 3
3960 3
3956 3
3914 3
3919 3
3908 3
3934 3
3883 3
3853 3
3850 3
3868 3
3864 3
4402 3
4391 3
4394 3
4470 3
4476 3
4474 3
4460 3
4433 3
4446 3
4540 3
4534 3
4521 3
4507 3
4504 3
4509 3
4508 3
4493 3
4482 3
4598 3
4589 3
4584 3
4582 3
4583 3
4564 3
4547 3
4545 3
4129 3
4135 3
4137 3
4141 3
4195 3
4193 3
4192 3
4201 3
4213 3
4211 3
4223 3
4163 3
4190 3
4262 3
4281 3
4232 3
4226 3
4231 3
4251 3
4253 3
4241 3
4246 3
4320 3
4346 3
4342 3
4341 3
4340 3
4297 3
4315 3
4884 3
4880 3
4865 3
4875 3
4922 3
4896 3
4952 3
4953 3
4929 3
4936 3
4979 3
4987 3
4965 3
4964 3
5023 3
5019 3
5010 3
4997 3
4995 3
5049 3
5041 3
5036 3
5074 3
5058 3
5063 3
5102 3
5091 3
4615 3
4625 3
4627 3
4637 3
4638 3
4659 3
4679 3
4691 3
4723 3
4733 3
4749 3
4744 3
4741 3
4736 3
4767 3
4756 3
4752 3
4771 3
4809 3
4810 3
4812 3
4802 3
4835 3
4856 3
4855 3
5491 3
5479 3
5472 3
5475 3
5466 3
5464 3
5458 3
5438 3
5430 3
5431 3
5408 3
5410 3
5407 3
5386 3
5378 3
5603 3
5615 3
5584 3
5599 3
5553 3
5565 3
5548 3
5551 3
5530 3
5528 3
5511 3
5508 3
5231 3
5229 3
5220 3
5242 3
5238 3
5234 3
5186 3
5211 3
5177 3
5174 3
5128 3
5120 3
5126 3
5137 3
5142 3
5354 3
5375 3
5369 3
5322 3
5332 3
5260 3
5268 3
5278 3
5979 3
5977 3
5980 3
5970 3
5975 3
5955 3
6001 3
6004 3
5907 3
5902 3
5899 3
5895 3
5890 3
5951 3
5933 3
5921 3
6098 3
6106 3
6105 3
6082 3
6134 3
6138 3
6141 3
6036 3
6045 3
6049 3
5698 3
5726 3
5718 3
5719 3
5728 3
5744 3
5749 3
5646 3
5648 3
5677 3
5831 3
5833 3
5848 3
5853 3
5862 3
5864 3
5887 3
5776 3
6573 3
6565 3
6585 3
6529 3
6555 3
6557 3
6631 3
6641 3
6603 3
6611 3
6439 3
6447 3
6450 3
6460 3
6403 3
6402 3
6415 3
6423 3
6428 3
6496 3
6513 3
6525 3
6487 3
6485 3
6494 3
6334 3
6322 3
6324 3
6315 3
6312 3
6313 3
6291 3
6284 3
6286 3
6273 3
6363 3
6346 3
6340 3
6341 3
6338 3
6196 3
6185 3
6191 3
6168 3
6169 3
6174 3
6156 3
6263 3
6271 3
6265 3
6253 3
6231 3
6227 3
6232 3
6216 3
7055 3
7049 3
7046 3
7047 3
7044 3
7070 3
7067 3
7061 3
7099 3
7088 3
7118 3
7123 3
7125 3
6938 3
6948 3
6951 3
6957 3
6981 3
6988 3
6999 3
7006 3
7012 3
7033 3
7037 3
6796 3
6794 3
6843 3
6822 3
6874 3
6861 3
6890 3
6669 3
6711 3
6768 3
6766 3
6765 3
7664 3
7643 3
7642 3
7603 3
7575 3
7527 3
7523 3
7545 3
7536 3
7515 3
7464 3
7456 3
7458 3
7481 3
7429 3
7440 3
7415 3
7393 3
7378 3
7390 3
7386 3
7337 3
7306 3
7291 3
7287 3
7284 3
7285 3
7278 3
7260 3
7257 3
7259 3
7253 3
7244 3
7247 3
7240 3
7235 3
7222 3
7214 3
7183 3
7172 3
8133 3
8143 3
8152 3
8159 3
8158 3
8171 3
8181 3
8189 3
8073 3
8083 3
8093 3
8116 3
8115 3
8121 3
8013 3
8004 3
8025 3
8037 3
8053 3
7951 3
7996 3
7997 3
7998 3
7999 3
7894 3
7872 3
7876 3
7877 3
7906 3
7812 3
7861 3
7768 3
7771 3
7775 3
7767 3
7757 3
7805 3
7786 3
7703 3
7696 3
7692 3
7734 3
7718 3
8803 3
8804 3
8811 3
8816 3
8820 3
8826 3
8769 3
8772 3
8799 3
8796 3
8742 3
8752 3
8760 3
8706 3
8704 3
8705 3
8719 3
8716 3
8722 3
8731 3
8929 3
8954 3
8927 3
8875 3
8888 3
8863 3
8860 3
9081 3
9084 3
9062 3
9060 3
9067 3
9041 3
9040 3
9046 3
9014 3
8983 3
8991 3
8987 3
9212 3
9204 3
9192 3
9181 3
9173 3
9160 3
9162 3
9153 3
9142 3
9133 3
9131 3
9121 3
9120 3
9114 3
9097 3
9094 3
9090 3
8270 3
8278 3
8280 3
8290 3
8310 3
8307 3
8317 3
8316 3
8196 3
8209 3
8228 3
8239 3
8241 3
8252 3
8392 3
8384 3
8402 3
8443 3
8435 3
8324 3
8339 3
8352 3
8381 3
8383 3
8373 3
8566 3
8565 3
8561 3
8575 3
8571 3
8547 3
8545 3
8559 3
8468 3
8470 3
8460 3
8461 3
8511 3
8508 3
8481 3
8668 3
8671 3
8664 3
8657 3
8643 3
8694 3
8597 3
8588 3
8583 3
8624 3
8628 3
8622 3
9770 3
9767 3
9791 3
9786 3
9776 3
9778 3
9750 3
9829 3
9854 3
9793 3
9819 3
9894 3
9890 3
9900 3
9896 3
9899 3
9898 3
9861 3
9856 3
9886 3
9959 3
9970 3
9978 3
9927 3
9939 3
9942 3
10025 3
10016 3
10000 3
9987 3
10091 3
10074 3
10076 3
10053 3
10055 3
10134 3
10129 3
10130 3
10138 3
10116 3
10233 3
10211 3
10216 3
10220 3
10193 3
10196 3
10180 3
10184 3
10189 3
9218 3
9239 3
9258 3
9262 3
9254 3
9273 3
9276 3
9269 3
9304 3
9301 3
9296 3
9325 3
9320 3
9340 3
9333 3
9334 3
9331 3
9379 3
9384 3
9398 3
9399 3
9403 3
9413 3
9436 3
9466 3
9467 3
9481 3
9473 3
9475 3
9521 3
9526 3
9545 3
9594 3
9585 3
9584 3
9583 3
9580 3
9577 3
9572 3
9616 3
9627 3
9629 3
9638 3
9694 3
9695 3
9673 3
9718 3
9716 3
9727 3
9697 3
10955 3
10936 3
10939 3
10933 3
10930 3
10901 3
10890 3
10878 3
10852 3
10859 3
10863 3
10819 3
10827 3
10805 3
10800 3
10812 3
10793 3
10774 3
10771 3
10782 3
10766 3
10763 3
10760 3
10462 3
10442 3
10440 3
10476 3
10475 3
10399 3
10389 3
10426 3
10401 3
10403 3
10406 3
10310 3
10316 3
10367 3
10366 3
10361 3
10362 3
10349 3
10259 3
10247 3
10251 3
10290 3
10295 3
10286 3
10696 3
10698 3
10695 3
10689 3
10688 3
10690 3
10716 3
10713 3
10709 3
10726 3
10720 3
10743 3
10635 3
10631 3
10662 3
10661 3
10678 3
10560 3
10562 3
10563 3
10589 3
10590 3
10585 3
10584 3
10599 3
10496 3
10525 3
10524 3
10531 3
10540 3
10551 3
10549 3
10555 3
10554 3
