-290947.7491340525
-270202.8957734016
-258705.55027641612
-251411.5374173744
-246256.00570859254
-242697.44481704175
-239845.62693917597
-237502.69690885782
-235712.39260592012
-234082.96969773303
-232977.31515874228
-232152.13654199152
-231273.34078292904
-230568.29733274993
-230103.62846408362
-229704.56525191423
-229410.9832847707
-229061.627840689
-228633.82060862513
-228243.61390006772
-228043.19025726942
-227733.61371739142
-227489.51375375997
-227218.01211461666
-227131.13557876737
-227007.47294941125
-226784.1461443188
-226744.39307966232
-226461.06705829912
-226423.63890096004
-226237.9509440556
-226048.48954265707
-226008.26610015912
-225820.70919183068
-225791.2237731921
-225650.1449692709
-225633.76478654754
-225446.29123343466
-225394.74919737797
-225434.34177310148
-225304.78974445316
-225534.30710386368
-225538.52506555154
-225390.13901335406
-225243.79180833607
-225279.41434766568
-225033.22553079
-224951.1413038394
-224965.24571404234
-224894.43238528806
-224758.10177919114
-224781.2944352234
-224706.7022178038
-224675.72112682674
-224630.56096255465
-224668.6558324866
-224626.36955910784
-224524.94319103536
-224474.638579789
-224438.5602262119
-224452.3126429968
-224428.78676682533
-224385.6836591806
-224176.74556539574
-224365.614882266
-224273.3878365882
-224118.08384913442
-224040.14959366116
-224000.61960657313
-223963.62498209235
-223976.82562459362
-223962.0844655444
-223906.16283072246
-223821.38465080902
-223781.38703142334
-223590.4421086287
-223684.30825265232
-223847.2643184247
-223839.32745865764
-223680.80143696297
-223577.00509467407
-223562.15020469972
-223429.6621242547
-223431.6096695913
-223428.79644743368
-223418.90425206473
-223434.36977035052
-223373.5432899483
-223341.1524111411
-223187.59810027378
-223139.04448503445
-223187.43499779823
-223279.9480583337
-223284.98167378595
-223410.95579802152
-223412.67292242628
-223305.7187378556
-223374.6966675897
-223243.6084493293
-223235.55982593726
-223162.93930208773
-223029.56191712792
-223035.3557410473
-222910.24965671572
-222917.54611116555
-222787.28081862416
-222809.4219724763
-222864.2165487798
-222888.43584415095
-222839.89597981697
-222798.79938384163
-222797.86163449017
-222823.04251988078
-222913.74200474384
-222895.9856976392
-222811.59227274128
-222802.25255973052
-222794.22196501083
-222830.4859109001
-222894.45264839404
-222868.19981789266
-222892.13310800397
-222771.96227086007
-222790.24049910388
-222638.6395530127
-222789.60996812652
-222844.25849970686
-222761.55264009343
-222615.6828151899
-222568.9973374555
-222554.43736218693
-222700.5304806317
-222696.83996459667
-222681.31889659644
-222582.00099247508
-222544.01448012932
-222605.54329266842
-222516.86405924652
-222454.9242685077
-222434.9574648353
-222525.9208272905
-222359.54256936285
-222347.73850432754
-222309.7039017152
-222380.49570302299
-222302.75606849516
-222280.5853548393
-222252.251589948
-222244.43107590574
-222240.9865732301
-222130.8707932169
-222064.43229921153
-222002.86847547573
-222093.7596034908
-222205.5100189856
-222247.29972069804
-222138.07935368788
-222205.13683912365
-222134.5716056683
-222186.66759075416
-222089.561072033
-222027.39173254668
-221932.280110991
-221914.77929528733
-222081.11605075686
-221998.887525448
-221866.14321090863
-221930.70861442824
-221951.10192484382
-221893.17053954833
-221970.6986562513
-222207.66503413065
-222065.5047019082
-222013.2798932967
-221982.68957035194
-221963.36757066962
-221921.30473464393
-221898.67178489754
-222054.8491993899
-222017.78280541368
-221976.73860970294
-221911.87511180426
-221952.73616225563
-221923.02479731326
-221995.06093821648
-222012.94082589296
-222063.89149691904
-221885.141829591
-221899.68498680682
-221915.0633879284
-221893.59213706353
-221841.02789907192
-221931.2402153325
-221979.8816993747
-222097.92081324014
-221981.56227331073
-221883.68979550686
-221798.40998426944
-221777.95171169395
-221748.58791285157
-221857.23260175594
-221853.01968152722
-221879.65757538332
-221979.52555179902
-221788.40579796562
-221797.52031470687
-221677.20536831705
-221792.3219548969
-221678.24370089374
-221694.7000815139
-221672.099041364
-221685.0493723312
-221600.57358804528
-221601.51982337557
-221593.6830063271
-221635.01351183886
-221553.35908449657
-221604.50281659636
-221692.85764816008
-221627.67101312085
-221733.10634079087
-221746.85352069788
-221659.9033121299
-221548.66139261134
-221489.59366472607
-221474.22941245514
-221585.1284425026
-221585.22956004055
-221686.15324640126
-221643.85855777087
-221505.78487018723
-221453.05034286404
-221420.6199595564
-221459.23407362768
-221429.9080828309
-221494.4564244637
-221472.71411957472
-221519.70436011074
-221503.42895216768
-221491.24181921894
-221530.78638083197
-221590.09111372722
-221622.04324921538
-221591.97397510023
-221584.69243927265
-221478.35783414295
-221426.38320811104
-221560.28545827046
-221594.26022083446
-221566.1026184102
-221526.1503832929
-221502.3075443687
-221469.47078115953
-221474.4528191731
-221505.26387101857
-221474.20056435495
-221524.72649713117
-221529.72123260982
-221456.44780531852
-221501.96907142358
-221544.21399855262
-221517.76042066392
-221524.44909145616
-221561.1651341782
-221580.0389974966
-221590.75534556233
-221587.0517448965
-221545.18044141837
-221558.570382054
-221450.92573449615
-221396.5045515018
-221420.0966899671
-221350.42711014018
-221373.64635206218
-221455.80481537693
-221466.93132466797
-221334.35272562443
-221373.77571276866
-221338.25690481192
-221338.2838774947
-221301.48878586685
-221395.80371780842
-221383.75145993524
-221294.83348653183
-221266.92235934266
-221350.9944018924
-221274.5458124735
-221396.6246498387
-221269.6352842597
-221282.66176776195
-221310.17997987918
-221281.01628580978
-221300.22976811702
-221312.87727327668
-221321.81024820168
-221268.38769700183
-221339.16861475757
-221325.3483209879
-221305.94064255638
-221321.5640746174
-221343.71132822154
-221395.3715514241
-221416.2378569399
-221447.82192602445
-221380.04298463973
-221407.3643319051
-221349.780939962
-221344.28146144436
-221341.60373669388
-221369.68532592917
-221342.46033304767
-221405.1200122769
-221351.30996050168
-221314.17304789767
-221350.8279756141
-221478.57688506224
-221333.55290774372
-221193.88691128028
-221284.90465481853
-221383.7049895451
-221406.333039024
-221351.09332782088
-221315.3138201649
-221211.87603740086
-221253.0775861121
-221264.5059348578
-221296.69359349064
-221244.19175504905
-221296.663275975
-221258.36287080523
-221308.75566228371
-221242.7917018809
-221298.51536584526
-221319.89970383522
-221191.08373181403
-221179.72316695965
-221157.4214548705
-221160.2993206822
-221111.3278071635
-221153.9575757431
-221187.2427182488
-221160.3383733695
-221138.0425650062
-221220.8081201756
-221337.67776703974
-221216.36998991738
-221210.67175467144
-221145.1646275135
-221153.04991873345
-221167.16558275637
-221240.51930708863
-221194.7045292666
-221199.41635381538
-221154.89542022743
-221141.86121447486
-221203.12937728537
-221271.44596015257
-221302.88032625284
-221154.290801975
-221051.495215425
-221061.18920087387
-220996.92012481618
-221103.25733775547
-221078.4276375217
-221095.83164600344
-221017.71482082267
-221171.4367149442
-221132.85167960043
-221170.41922076012
-221162.64146177383
-221183.686443019
-221135.58411241684
-221100.19182332323
-221037.58239646404
-221127.79672636426
-221056.690055912
-221138.03546511705
-221076.78046302282
-221059.4337980774
-221069.7562116109
-221138.4518754277
-221177.87361289805
-221187.50564459027
-221144.46136553597
-221165.59697643408
-221145.16279352448
-221183.74129858706
-221138.25488359598
-221132.81697179223
-221090.56963353467
-221081.8313368144
-221078.80332969828
-221132.76622341952
-221051.6610908228
-221058.76336721858
-221025.2034215395
-221059.0382707647
-221095.62432753784
-221052.19346224098
-221082.41966365775
-221045.51066868857
-221014.27131060048
-220959.0060950586
-220998.9634853178
-221010.4232115966
-220971.76604026716
-221065.18933825847
-220950.19941789817
-220875.54679965795
-221068.54442388756
-220944.04411320775
-220929.38784041195
-220936.93255436633
-220975.25713914886
-220908.86642580183
-221011.8948004184
-221073.82898665714
-221087.3636724249
-220985.9759518913
-220990.50965989893
-221083.32121881706
-220962.5482699747
-220885.64743027062
-220930.2071522814
-220984.50913200228
-221075.0567435401
-221142.46100977706
-221168.10748414567
-221165.49372374246
-221056.8409509435
-221049.6226210445
-221005.81003787773
-220970.6200620067
-221042.29862578516
-220949.64263700394
-220950.00686071467
-220897.1319489402
-220971.91657319388
-221011.59234124885
-220978.97967815096
-220982.12747216193
-220999.8493622344
-220988.19370566407
-221007.40208827634
-221129.36960682247
-221068.55419879107
-221077.83908674505
-221082.62495610828
-221105.65662401816
-221114.5425830485
-221090.8948983187
-221068.3614611554
-220961.94268989528
-220975.3828777925
-221014.64048944516
-220997.1586650878
-220983.26023525454
-221065.69615724022
-221090.69820137418
-221198.1520621499
-221167.3046299481
-221011.12769211928
-221085.084193599
-221130.09999379935
-220981.53618936488
-220977.5323111283
-221036.514973832
-221035.9898078555
-220937.8945095456
-220953.2305429136
-220929.57704546777
-220797.53976399815
-220839.02192906602
-220898.5608266898
-220935.24914611975
-220964.6619087784
-220929.4328413374
-220910.17559956925
-220895.1965333569
-221001.25710988848
-220961.84869732923
-220984.70376537376
-220877.6853554478
-220914.72140173076
-220929.88539535218
-220962.10364446434
-220920.28910932873
-220853.19906788433
-220889.9203493479
-221040.92632517742
-221035.4869023764
-221076.20757396106
-221030.76596939313
-220951.47607829623
-221043.06354037978
-221007.5337712335
-220984.4565724609
-220849.2852768336
-220754.7292095247
-220886.25880611947
-220926.1907380907
-220910.45273121225
-220941.34962624195
-220896.40596906503
-220889.82653186767
-220885.2983417359
-220874.49529166514
-220944.377858141
-220923.05850509708
-220915.2709471694
-220829.36627748658
-220958.87290590178
-220896.42973806264
-220912.1395862984
-220929.0727457543
-220819.5504598935
-220857.92408702488
-220817.21639136024
-220744.2235266066
-220684.519670622
-220787.66363799848
-220812.94106251682
-220839.1087520685
-220815.2770835764
-220853.6746550761
-220865.35120345108
-220878.95022267365
-220856.26125330917
-220858.46758564538
-220765.18447761846
-220770.19676604256
-220933.36307633008
-220937.0290304956
-221027.73740654293
-220980.5019415125
-221019.59927524862
-220920.0635883431
-220989.10049964077
-220953.10165900196
-220976.07260804187
-220891.5836504553
-220929.49923376495
-220886.1662864075
-221063.48520678995
-221023.15149691518
-221012.73794820491
-220990.67982085052
-221029.1630508718
-221005.28501595045
-220969.50766265346
-221005.47462835078
-220999.96576116307
-220752.5191854374
-220772.37723910902
-220795.9452297471
-220882.08897886134
-220810.16122877185
-220801.76623353772
-220849.4543910382
-220867.7409847236
-220884.60908182428
-220941.33855210536
-220956.44806950545
-220975.09043975256
-220990.63379463268
-220862.46309245273
-220933.73163678916
-221012.86908361092
-221042.35450208883
-221066.57964042484
-221070.2978426159
-220953.257283736
-220955.39129790635
-220932.16608707397
-220963.26702470152
-221076.02623242984
-220995.77487038786
-220951.269436003
-220900.6669733828
-220851.5550959971
-221037.60376324193
-221002.31437883293
-220956.6783251021
-221135.25425417328
-221058.23556055792
-221088.19700634008
-220988.91110055946
-220948.18917643034
-220875.03595105142
-220876.43269919182
-220768.55947530255
-220799.1619087776
-220778.90172090364
-220747.10710552425
-220770.67604975007
-220761.4426930253
-220877.3684225392
-220795.98360659953
-220735.5463956692
-220827.5093594195
